[7.88961669e+08 7.89011669e+08 7.89061669e+08 7.89111669e+08
 7.89161669e+08 7.89211669e+08 7.89261669e+08 7.89311669e+08
 7.89361669e+08 7.89411669e+08 7.89461669e+08 7.89511669e+08
 7.89561669e+08 7.89611669e+08 7.89661669e+08 7.89711669e+08
 7.89761669e+08 7.89811669e+08 7.89861669e+08 7.89911669e+08
 7.89961669e+08 7.90011669e+08 7.90061669e+08 7.90111669e+08
 7.90161669e+08 7.90211669e+08 7.90261669e+08 7.90311669e+08
 7.90361669e+08 7.90411669e+08 7.90461669e+08 7.90511669e+08
 7.90561669e+08 7.90611669e+08 7.90661669e+08 7.90711669e+08
 7.90761669e+08 7.90811669e+08 7.90861669e+08 7.90911669e+08
 7.90961669e+08 7.91011669e+08 7.91061669e+08 7.91111669e+08
 7.91161669e+08 7.91211669e+08 7.91261669e+08 7.91311669e+08
 7.91361669e+08 7.91411669e+08 7.91461669e+08 7.91511669e+08
 7.91561669e+08 7.91611669e+08 7.91661669e+08 7.91711669e+08
 7.91761669e+08 7.91811669e+08 7.91861669e+08 7.91911669e+08
 7.91961669e+08 7.92011669e+08 7.92061669e+08 7.92111669e+08
 7.92161669e+08 7.92211669e+08 7.92261669e+08 7.92311669e+08
 7.92361669e+08 7.92411669e+08 7.92461669e+08 7.92511669e+08
 7.92561669e+08 7.92611669e+08 7.92661669e+08 7.92711669e+08
 7.92761669e+08 7.92811669e+08 7.92861669e+08 7.92911669e+08
 7.92961669e+08 7.93011669e+08 7.93061669e+08 7.93111669e+08
 7.93161669e+08 7.93211669e+08 7.93261669e+08 7.93311669e+08
 7.93361669e+08 7.93411669e+08 7.93461669e+08 7.93511669e+08
 7.93561669e+08 7.93611669e+08 7.93661669e+08 7.93711669e+08
 7.93761669e+08 7.93811669e+08 7.93861669e+08 7.93911669e+08
 7.93961669e+08 7.94011669e+08 7.94061669e+08 7.94111669e+08
 7.94161669e+08 7.94211669e+08 7.94261669e+08 7.94311669e+08
 7.94361669e+08 7.94411669e+08 7.94461669e+08 7.94511669e+08
 7.94561669e+08 7.94611669e+08 7.94661669e+08 7.94711669e+08
 7.94761669e+08 7.94811669e+08 7.94861669e+08 7.94911669e+08
 7.94961669e+08 7.95011669e+08 7.95061669e+08 7.95111669e+08
 7.95161669e+08 7.95211669e+08 7.95261669e+08 7.95311669e+08
 7.95361669e+08 7.95411669e+08 7.95461669e+08 7.95511669e+08
 7.95561669e+08 7.95611669e+08 7.95661669e+08 7.95711669e+08
 7.95761669e+08 7.95811669e+08 7.95861669e+08 7.95911669e+08
 7.95961669e+08 7.96011669e+08 7.96061669e+08 7.96111669e+08
 7.96161669e+08 7.96211669e+08 7.96261669e+08 7.96311669e+08
 7.96361669e+08 7.96411669e+08 7.96461669e+08 7.96511669e+08
 7.96561669e+08 7.96611669e+08 7.96661669e+08 7.96711669e+08
 7.96761669e+08 7.96811669e+08 7.96861669e+08 7.96911669e+08
 7.96961669e+08 7.97011669e+08 7.97061669e+08 7.97111669e+08
 7.97161669e+08 7.97211669e+08 7.97261669e+08 7.97311669e+08
 7.97361669e+08 7.97411669e+08 7.97461669e+08 7.97511669e+08
 7.97561669e+08 7.97611669e+08 7.97661669e+08 7.97711669e+08
 7.97761669e+08 7.97811669e+08 7.97861669e+08 7.97911669e+08
 7.97961669e+08 7.98011669e+08 7.98061669e+08 7.98111669e+08
 7.98161669e+08 7.98211669e+08 7.98261669e+08 7.98311669e+08
 7.98361669e+08 7.98411669e+08 7.98461669e+08 7.98511669e+08
 7.98561669e+08 7.98611669e+08 7.98661669e+08 7.98711669e+08
 7.98761669e+08 7.98811669e+08 7.98861669e+08 7.98911669e+08
 7.98961669e+08 7.99011669e+08 7.99061669e+08 7.99111669e+08
 7.99161669e+08 7.99211669e+08 7.99261669e+08 7.99311669e+08
 7.99361669e+08 7.99411669e+08 7.99461669e+08 7.99511669e+08
 7.99561669e+08 7.99611669e+08 7.99661669e+08 7.99711669e+08
 7.99761669e+08 7.99811669e+08 7.99861669e+08 7.99911669e+08
 7.99961669e+08 8.00011669e+08 8.00061669e+08 8.00111669e+08
 8.00161669e+08 8.00211669e+08 8.00261669e+08 8.00311669e+08
 8.00361669e+08 8.00411669e+08 8.00461669e+08 8.00511669e+08
 8.00561669e+08 8.00611669e+08 8.00661669e+08 8.00711669e+08
 8.00761669e+08 8.00811669e+08 8.00861669e+08 8.00911669e+08
 8.00961669e+08 8.01011669e+08 8.01061669e+08 8.01111669e+08
 8.01161669e+08 8.01211669e+08 8.01261669e+08 8.01311669e+08
 8.01361669e+08 8.01411669e+08 8.01461669e+08 8.01511669e+08
 8.01561669e+08 8.01611669e+08 8.01661669e+08 8.01711669e+08
 8.01761669e+08 8.01811669e+08 8.01861669e+08 8.01911669e+08
 8.01961669e+08 8.02011669e+08 8.02061669e+08 8.02111669e+08
 8.02161669e+08 8.02211669e+08 8.02261669e+08 8.02311669e+08
 8.02361669e+08 8.02411669e+08 8.02461669e+08 8.02511669e+08
 8.02561669e+08 8.02611669e+08 8.02661669e+08 8.02711669e+08
 8.02761669e+08 8.02811669e+08 8.02861669e+08 8.02911669e+08
 8.02961669e+08 8.03011669e+08 8.03061669e+08 8.03111669e+08
 8.03161669e+08 8.03211669e+08 8.03261669e+08 8.03311669e+08
 8.03361669e+08 8.03411669e+08 8.03461669e+08 8.03511669e+08
 8.03561669e+08 8.03611669e+08 8.03661669e+08 8.03711669e+08
 8.03761669e+08 8.03811669e+08 8.03861669e+08 8.03911669e+08
 8.03961669e+08 8.04011669e+08 8.04061669e+08 8.04111669e+08
 8.04161669e+08 8.04211669e+08 8.04261669e+08 8.04311669e+08
 8.04361669e+08 8.04411669e+08 8.04461669e+08 8.04511669e+08
 8.04561669e+08 8.04611669e+08 8.04661669e+08 8.04711669e+08
 8.04761669e+08 8.04811669e+08 8.04861669e+08 8.04911669e+08
 8.04961669e+08 8.05011669e+08 8.05061669e+08 8.05111669e+08
 8.05161669e+08 8.05211669e+08 8.05261669e+08 8.05311669e+08
 8.05361669e+08 8.05411669e+08 8.05461669e+08 8.05511669e+08
 8.05561669e+08 8.05611669e+08 8.05661669e+08 8.05711669e+08
 8.05761669e+08 8.05811669e+08 8.05861669e+08 8.05911669e+08
 8.05961669e+08 8.06011669e+08 8.06061669e+08 8.06111669e+08
 8.06161669e+08 8.06211669e+08 8.06261669e+08 8.06311669e+08
 8.06361669e+08 8.06411669e+08 8.06461669e+08 8.06511669e+08
 8.06561669e+08 8.06611669e+08 8.06661669e+08 8.06711669e+08
 8.06761669e+08 8.06811669e+08 8.06861669e+08 8.06911669e+08
 8.06961669e+08 8.07011669e+08 8.07061669e+08 8.07111669e+08
 8.07161669e+08 8.07211669e+08 8.07261669e+08 8.07311669e+08
 8.07361669e+08 8.07411669e+08 8.07461669e+08 8.07511669e+08
 8.07561669e+08 8.07611669e+08 8.07661669e+08 8.07711669e+08
 8.07761669e+08 8.07811669e+08 8.07861669e+08 8.07911669e+08
 8.07961669e+08 8.08011669e+08 8.08061669e+08 8.08111669e+08
 8.08161669e+08 8.08211669e+08 8.08261669e+08 8.08311669e+08
 8.08361669e+08 8.08411669e+08 8.08461669e+08 8.08511669e+08
 8.08561669e+08 8.08611669e+08 8.08661669e+08 8.08711669e+08
 8.08761669e+08 8.08811669e+08 8.08861669e+08 8.08911669e+08
 8.08961669e+08 8.09011669e+08 8.09061669e+08 8.09111669e+08
 8.09161669e+08 8.09211669e+08 8.09261669e+08 8.09311669e+08
 8.09361669e+08 8.09411669e+08 8.09461669e+08 8.09511669e+08
 8.09561669e+08 8.09611669e+08 8.09661669e+08 8.09711669e+08
 8.09761669e+08 8.09811669e+08 8.09861669e+08 8.09911669e+08
 8.09961669e+08 8.10011669e+08 8.10061669e+08 8.10111669e+08
 8.10161669e+08 8.10211669e+08 8.10261669e+08 8.10311669e+08
 8.10361669e+08 8.10411669e+08 8.10461669e+08 8.10511669e+08
 8.10561669e+08 8.10611669e+08 8.10661669e+08 8.10711669e+08
 8.10761669e+08 8.10811669e+08 8.10861669e+08 8.10911669e+08
 8.10961669e+08 8.11011669e+08 8.11061669e+08 8.11111669e+08
 8.11161669e+08 8.11211669e+08 8.11261669e+08 8.11311669e+08
 8.11361669e+08 8.11411669e+08 8.11461669e+08 8.11511669e+08
 8.11561669e+08 8.11611669e+08 8.11661669e+08 8.11711669e+08
 8.11761669e+08 8.11811669e+08 8.11861669e+08 8.11911669e+08
 8.11961669e+08 8.12011669e+08 8.12061669e+08 8.12111669e+08
 8.12161669e+08 8.12211669e+08 8.12261669e+08 8.12311669e+08
 8.12361669e+08 8.12411669e+08 8.12461669e+08 8.12511669e+08
 8.12561669e+08 8.12611669e+08 8.12661669e+08 8.12711669e+08
 8.12761669e+08 8.12811669e+08 8.12861669e+08 8.12911669e+08
 8.12961669e+08 8.13011669e+08 8.13061669e+08 8.13111669e+08
 8.13161669e+08 8.13211669e+08 8.13261669e+08 8.13311669e+08
 8.13361669e+08 8.13411669e+08 8.13461669e+08 8.13511669e+08
 8.13561669e+08 8.13611669e+08 8.13661669e+08 8.13711669e+08
 8.13761669e+08 8.13811669e+08 8.13861669e+08 8.13911669e+08
 8.13961669e+08 8.14011669e+08 8.14061669e+08 8.14111669e+08
 8.14161669e+08 8.14211669e+08 8.14261669e+08 8.14311669e+08
 8.14361669e+08 8.14411669e+08 8.14461669e+08 8.14511669e+08
 8.14561669e+08 8.14611669e+08 8.14661669e+08 8.14711669e+08
 8.14761669e+08 8.14811669e+08 8.14861669e+08 8.14911669e+08
 8.14961669e+08 8.15011669e+08 8.15061669e+08 8.15111669e+08
 8.15161669e+08 8.15211669e+08 8.15261669e+08 8.15311669e+08
 8.15361669e+08 8.15411669e+08 8.15461669e+08 8.15511669e+08
 8.15561669e+08 8.15611669e+08 8.15661669e+08 8.15711669e+08
 8.15761669e+08 8.15811669e+08 8.15861669e+08 8.15911669e+08
 8.15961669e+08 8.16011669e+08 8.16061669e+08 8.16111669e+08
 8.16161669e+08 8.16211669e+08 8.16261669e+08 8.16311669e+08
 8.16361669e+08 8.16411669e+08 8.16461669e+08 8.16511669e+08
 8.16561669e+08 8.16611669e+08 8.16661669e+08 8.16711669e+08
 8.16761669e+08 8.16811669e+08 8.16861669e+08 8.16911669e+08
 8.16961669e+08 8.17011669e+08 8.17061669e+08 8.17111669e+08
 8.17161669e+08 8.17211669e+08 8.17261669e+08 8.17311669e+08
 8.17361669e+08 8.17411669e+08 8.17461669e+08 8.17511669e+08
 8.17561669e+08 8.17611669e+08 8.17661669e+08 8.17711669e+08
 8.17761669e+08 8.17811669e+08 8.17861669e+08 8.17911669e+08
 8.17961669e+08 8.18011669e+08 8.18061669e+08 8.18111669e+08
 8.18161669e+08 8.18211669e+08 8.18261669e+08 8.18311669e+08
 8.18361669e+08 8.18411669e+08 8.18461669e+08 8.18511669e+08
 8.18561669e+08 8.18611669e+08 8.18661669e+08 8.18711669e+08
 8.18761669e+08 8.18811669e+08 8.18861669e+08 8.18911669e+08
 8.18961669e+08 8.19011669e+08 8.19061669e+08 8.19111669e+08
 8.19161669e+08 8.19211669e+08 8.19261669e+08 8.19311669e+08
 8.19361669e+08 8.19411669e+08 8.19461669e+08 8.19511669e+08
 8.19561669e+08 8.19611669e+08 8.19661669e+08 8.19711669e+08
 8.19761669e+08 8.19811669e+08 8.19861669e+08 8.19911669e+08
 8.19961669e+08 8.20011669e+08 8.20061669e+08 8.20111669e+08
 8.20161669e+08 8.20211669e+08 8.20261669e+08 8.20311669e+08
 8.20361669e+08 8.20411669e+08 8.20461669e+08]
631
[7.88961669e+08 7.89011669e+08 7.89061669e+08 7.89111669e+08
 7.89161669e+08 7.89211669e+08 7.89261669e+08 7.89311669e+08
 7.89361669e+08 7.89411669e+08 7.89461669e+08 7.89511669e+08
 7.89561669e+08 7.89611669e+08 7.89661669e+08 7.89711669e+08
 7.89761669e+08 7.89811669e+08 7.89861669e+08 7.89911669e+08
 7.89961669e+08 7.90011669e+08 7.90061669e+08 7.90111669e+08
 7.90161669e+08 7.90211669e+08 7.90261669e+08 7.90311669e+08
 7.90361669e+08 7.90411669e+08 7.90461669e+08 7.90511669e+08
 7.90561669e+08 7.90611669e+08 7.90661669e+08 7.90711669e+08
 7.90761669e+08 7.90811669e+08 7.90861669e+08 7.90911669e+08
 7.90961669e+08 7.91011669e+08 7.91061669e+08 7.91111669e+08
 7.91161669e+08 7.91211669e+08 7.91261669e+08 7.91311669e+08
 7.91361669e+08 7.91411669e+08 7.91461669e+08 7.91511669e+08
 7.91561669e+08 7.91611669e+08 7.91661669e+08 7.91711669e+08
 7.91761669e+08 7.91811669e+08 7.91861669e+08 7.91911669e+08
 7.91961669e+08 7.92011669e+08 7.92061669e+08 7.92111669e+08
 7.92161669e+08 7.92211669e+08 7.92261669e+08 7.92311669e+08
 7.92361669e+08 7.92411669e+08 7.92461669e+08 7.92511669e+08
 7.92561669e+08 7.92611669e+08 7.92661669e+08 7.92711669e+08
 7.92761669e+08 7.92811669e+08 7.92861669e+08 7.92911669e+08
 7.92961669e+08 7.93011669e+08 7.93061669e+08 7.93111669e+08
 7.93161669e+08 7.93211669e+08 7.93261669e+08 7.93311669e+08
 7.93361669e+08 7.93411669e+08 7.93461669e+08 7.93511669e+08
 7.93561669e+08 7.93611669e+08 7.93661669e+08 7.93711669e+08
 7.93761669e+08 7.93811669e+08 7.93861669e+08 7.93911669e+08
 7.93961669e+08 7.94011669e+08 7.94061669e+08 7.94111669e+08
 7.94161669e+08 7.94211669e+08 7.94261669e+08 7.94311669e+08
 7.94361669e+08 7.94411669e+08 7.94461669e+08 7.94511669e+08
 7.94561669e+08 7.94611669e+08 7.94661669e+08 7.94711669e+08
 7.94761669e+08 7.94811669e+08 7.94861669e+08 7.94911669e+08
 7.94961669e+08 7.95011669e+08 7.95061669e+08 7.95111669e+08
 7.95161669e+08 7.95211669e+08 7.95261669e+08 7.95311669e+08
 7.95361669e+08 7.95411669e+08 7.95461669e+08 7.95511669e+08
 7.95561669e+08 7.95611669e+08 7.95661669e+08 7.95711669e+08
 7.95761669e+08 7.95811669e+08 7.95861669e+08 7.95911669e+08
 7.95961669e+08 7.96011669e+08 7.96061669e+08 7.96111669e+08
 7.96161669e+08 7.96211669e+08 7.96261669e+08 7.96311669e+08
 7.96361669e+08 7.96411669e+08 7.96461669e+08 7.96511669e+08
 7.96561669e+08 7.96611669e+08 7.96661669e+08 7.96711669e+08
 7.96761669e+08 7.96811669e+08 7.96861669e+08 7.96911669e+08
 7.96961669e+08 7.97011669e+08 7.97061669e+08 7.97111669e+08
 7.97161669e+08 7.97211669e+08 7.97261669e+08 7.97311669e+08
 7.97361669e+08 7.97411669e+08 7.97461669e+08 7.97511669e+08
 7.97561669e+08 7.97611669e+08 7.97661669e+08 7.97711669e+08
 7.97761669e+08 7.97811669e+08 7.97861669e+08 7.97911669e+08
 7.97961669e+08 7.98011669e+08 7.98061669e+08 7.98111669e+08
 7.98161669e+08 7.98211669e+08 7.98261669e+08 7.98311669e+08
 7.98361669e+08 7.98411669e+08 7.98461669e+08 7.98511669e+08
 7.98561669e+08 7.98611669e+08 7.98661669e+08 7.98711669e+08
 7.98761669e+08 7.98811669e+08 7.98861669e+08 7.98911669e+08
 7.98961669e+08 7.99011669e+08 7.99061669e+08 7.99111669e+08
 7.99161669e+08 7.99211669e+08 7.99261669e+08 7.99311669e+08
 7.99361669e+08 7.99411669e+08 7.99461669e+08 7.99511669e+08
 7.99561669e+08 7.99611669e+08 7.99661669e+08 7.99711669e+08
 7.99761669e+08 7.99811669e+08 7.99861669e+08 7.99911669e+08
 7.99961669e+08 8.00011669e+08 8.00061669e+08 8.00111669e+08
 8.00161669e+08 8.00211669e+08 8.00261669e+08 8.00311669e+08
 8.00361669e+08 8.00411669e+08 8.00461669e+08 8.00511669e+08
 8.00561669e+08 8.00611669e+08 8.00661669e+08 8.00711669e+08
 8.00761669e+08 8.00811669e+08 8.00861669e+08 8.00911669e+08
 8.00961669e+08 8.01011669e+08 8.01061669e+08 8.01111669e+08
 8.01161669e+08 8.01211669e+08 8.01261669e+08 8.01311669e+08
 8.01361669e+08 8.01411669e+08 8.01461669e+08 8.01511669e+08
 8.01561669e+08 8.01611669e+08 8.01661669e+08 8.01711669e+08
 8.01761669e+08 8.01811669e+08 8.01861669e+08 8.01911669e+08
 8.01961669e+08 8.02011669e+08 8.02061669e+08 8.02111669e+08
 8.02161669e+08 8.02211669e+08 8.02261669e+08 8.02311669e+08
 8.02361669e+08 8.02411669e+08 8.02461669e+08 8.02511669e+08
 8.02561669e+08 8.02611669e+08 8.02661669e+08 8.02711669e+08
 8.02761669e+08 8.02811669e+08 8.02861669e+08 8.02911669e+08
 8.02961669e+08 8.03011669e+08 8.03061669e+08 8.03111669e+08
 8.03161669e+08 8.03211669e+08 8.03261669e+08 8.03311669e+08
 8.03361669e+08 8.03411669e+08 8.03461669e+08 8.03511669e+08
 8.03561669e+08 8.03611669e+08 8.03661669e+08 8.03711669e+08
 8.03761669e+08 8.03811669e+08 8.03861669e+08 8.03911669e+08
 8.03961669e+08 8.04011669e+08 8.04061669e+08 8.04111669e+08
 8.04161669e+08 8.04211669e+08 8.04261669e+08 8.04311669e+08
 8.04361669e+08 8.04411669e+08 8.04461669e+08 8.04511669e+08
 8.04561669e+08 8.04611669e+08 8.04661669e+08 8.04711669e+08
 8.04761669e+08 8.04811669e+08 8.04861669e+08 8.04911669e+08
 8.04961669e+08 8.05011669e+08 8.05061669e+08 8.05111669e+08
 8.05161669e+08 8.05211669e+08 8.05261669e+08 8.05311669e+08
 8.05361669e+08 8.05411669e+08 8.05461669e+08 8.05511669e+08
 8.05561669e+08 8.05611669e+08 8.05661669e+08 8.05711669e+08
 8.05761669e+08 8.05811669e+08 8.05861669e+08 8.05911669e+08
 8.05961669e+08 8.06011669e+08 8.06061669e+08 8.06111669e+08
 8.06161669e+08 8.06211669e+08 8.06261669e+08 8.06311669e+08
 8.06361669e+08 8.06411669e+08 8.06461669e+08 8.06511669e+08
 8.06561669e+08 8.06611669e+08 8.06661669e+08 8.06711669e+08
 8.06761669e+08 8.06811669e+08 8.06861669e+08 8.06911669e+08
 8.06961669e+08 8.07011669e+08 8.07061669e+08 8.07111669e+08
 8.07161669e+08 8.07211669e+08 8.07261669e+08 8.07311669e+08
 8.07361669e+08 8.07411669e+08 8.07461669e+08 8.07511669e+08
 8.07561669e+08 8.07611669e+08 8.07661669e+08 8.07711669e+08
 8.07761669e+08 8.07811669e+08 8.07861669e+08 8.07911669e+08
 8.07961669e+08 8.08011669e+08 8.08061669e+08 8.08111669e+08
 8.08161669e+08 8.08211669e+08 8.08261669e+08 8.08311669e+08
 8.08361669e+08 8.08411669e+08 8.08461669e+08 8.08511669e+08
 8.08561669e+08 8.08611669e+08 8.08661669e+08 8.08711669e+08
 8.08761669e+08 8.08811669e+08 8.08861669e+08 8.08911669e+08
 8.08961669e+08 8.09011669e+08 8.09061669e+08 8.09111669e+08
 8.09161669e+08 8.09211669e+08 8.09261669e+08 8.09311669e+08
 8.09361669e+08 8.09411669e+08 8.09461669e+08 8.09511669e+08
 8.09561669e+08 8.09611669e+08 8.09661669e+08 8.09711669e+08
 8.09761669e+08 8.09811669e+08 8.09861669e+08 8.09911669e+08
 8.09961669e+08 8.10011669e+08 8.10061669e+08 8.10111669e+08
 8.10161669e+08 8.10211669e+08 8.10261669e+08 8.10311669e+08
 8.10361669e+08 8.10411669e+08 8.10461669e+08 8.10511669e+08
 8.10561669e+08 8.10611669e+08 8.10661669e+08 8.10711669e+08
 8.10761669e+08 8.10811669e+08 8.10861669e+08 8.10911669e+08
 8.10961669e+08 8.11011669e+08 8.11061669e+08 8.11111669e+08
 8.11161669e+08 8.11211669e+08 8.11261669e+08 8.11311669e+08
 8.11361669e+08 8.11411669e+08 8.11461669e+08 8.11511669e+08
 8.11561669e+08 8.11611669e+08 8.11661669e+08 8.11711669e+08
 8.11761669e+08 8.11811669e+08 8.11861669e+08 8.11911669e+08
 8.11961669e+08 8.12011669e+08 8.12061669e+08 8.12111669e+08
 8.12161669e+08 8.12211669e+08 8.12261669e+08 8.12311669e+08
 8.12361669e+08 8.12411669e+08 8.12461669e+08 8.12511669e+08
 8.12561669e+08 8.12611669e+08 8.12661669e+08 8.12711669e+08
 8.12761669e+08 8.12811669e+08 8.12861669e+08 8.12911669e+08
 8.12961669e+08 8.13011669e+08 8.13061669e+08 8.13111669e+08
 8.13161669e+08 8.13211669e+08 8.13261669e+08 8.13311669e+08
 8.13361669e+08 8.13411669e+08 8.13461669e+08 8.13511669e+08
 8.13561669e+08 8.13611669e+08 8.13661669e+08 8.13711669e+08
 8.13761669e+08 8.13811669e+08 8.13861669e+08 8.13911669e+08
 8.13961669e+08 8.14011669e+08 8.14061669e+08 8.14111669e+08
 8.14161669e+08 8.14211669e+08 8.14261669e+08 8.14311669e+08
 8.14361669e+08 8.14411669e+08 8.14461669e+08 8.14511669e+08
 8.14561669e+08 8.14611669e+08 8.14661669e+08 8.14711669e+08
 8.14761669e+08 8.14811669e+08 8.14861669e+08 8.14911669e+08
 8.14961669e+08 8.15011669e+08 8.15061669e+08 8.15111669e+08
 8.15161669e+08 8.15211669e+08 8.15261669e+08 8.15311669e+08
 8.15361669e+08 8.15411669e+08 8.15461669e+08 8.15511669e+08
 8.15561669e+08 8.15611669e+08 8.15661669e+08 8.15711669e+08
 8.15761669e+08 8.15811669e+08 8.15861669e+08 8.15911669e+08
 8.15961669e+08 8.16011669e+08 8.16061669e+08 8.16111669e+08
 8.16161669e+08 8.16211669e+08 8.16261669e+08 8.16311669e+08
 8.16361669e+08 8.16411669e+08 8.16461669e+08 8.16511669e+08
 8.16561669e+08 8.16611669e+08 8.16661669e+08 8.16711669e+08
 8.16761669e+08 8.16811669e+08 8.16861669e+08 8.16911669e+08
 8.16961669e+08 8.17011669e+08 8.17061669e+08 8.17111669e+08
 8.17161669e+08 8.17211669e+08 8.17261669e+08 8.17311669e+08
 8.17361669e+08 8.17411669e+08 8.17461669e+08 8.17511669e+08
 8.17561669e+08 8.17611669e+08 8.17661669e+08 8.17711669e+08
 8.17761669e+08 8.17811669e+08 8.17861669e+08 8.17911669e+08
 8.17961669e+08 8.18011669e+08 8.18061669e+08 8.18111669e+08
 8.18161669e+08 8.18211669e+08 8.18261669e+08 8.18311669e+08
 8.18361669e+08 8.18411669e+08 8.18461669e+08 8.18511669e+08
 8.18561669e+08 8.18611669e+08 8.18661669e+08 8.18711669e+08
 8.18761669e+08 8.18811669e+08 8.18861669e+08 8.18911669e+08
 8.18961669e+08 8.19011669e+08 8.19061669e+08 8.19111669e+08
 8.19161669e+08 8.19211669e+08 8.19261669e+08 8.19311669e+08
 8.19361669e+08 8.19411669e+08 8.19461669e+08 8.19511669e+08
 8.19561669e+08 8.19611669e+08 8.19661669e+08 8.19711669e+08
 8.19761669e+08 8.19811669e+08 8.19861669e+08 8.19911669e+08
 8.19961669e+08 8.20011669e+08 8.20061669e+08 8.20111669e+08
 8.20161669e+08 8.20211669e+08 8.20261669e+08 8.20311669e+08
 8.20361669e+08 8.20411669e+08 8.20461669e+08]
631
[7.88961669e+08 7.89011669e+08 7.89061669e+08 7.89111669e+08
 7.89161669e+08 7.89211669e+08 7.89261669e+08 7.89311669e+08
 7.89361669e+08 7.89411669e+08 7.89461669e+08 7.89511669e+08
 7.89561669e+08 7.89611669e+08 7.89661669e+08 7.89711669e+08
 7.89761669e+08 7.89811669e+08 7.89861669e+08 7.89911669e+08
 7.89961669e+08 7.90011669e+08 7.90061669e+08 7.90111669e+08
 7.90161669e+08 7.90211669e+08 7.90261669e+08 7.90311669e+08
 7.90361669e+08 7.90411669e+08 7.90461669e+08 7.90511669e+08
 7.90561669e+08 7.90611669e+08 7.90661669e+08 7.90711669e+08
 7.90761669e+08 7.90811669e+08 7.90861669e+08 7.90911669e+08
 7.90961669e+08 7.91011669e+08 7.91061669e+08 7.91111669e+08
 7.91161669e+08 7.91211669e+08 7.91261669e+08 7.91311669e+08
 7.91361669e+08 7.91411669e+08 7.91461669e+08 7.91511669e+08
 7.91561669e+08 7.91611669e+08 7.91661669e+08 7.91711669e+08
 7.91761669e+08 7.91811669e+08 7.91861669e+08 7.91911669e+08
 7.91961669e+08 7.92011669e+08 7.92061669e+08 7.92111669e+08
 7.92161669e+08 7.92211669e+08 7.92261669e+08 7.92311669e+08
 7.92361669e+08 7.92411669e+08 7.92461669e+08 7.92511669e+08
 7.92561669e+08 7.92611669e+08 7.92661669e+08 7.92711669e+08
 7.92761669e+08 7.92811669e+08 7.92861669e+08 7.92911669e+08
 7.92961669e+08 7.93011669e+08 7.93061669e+08 7.93111669e+08
 7.93161669e+08 7.93211669e+08 7.93261669e+08 7.93311669e+08
 7.93361669e+08 7.93411669e+08 7.93461669e+08 7.93511669e+08
 7.93561669e+08 7.93611669e+08 7.93661669e+08 7.93711669e+08
 7.93761669e+08 7.93811669e+08 7.93861669e+08 7.93911669e+08
 7.93961669e+08 7.94011669e+08 7.94061669e+08 7.94111669e+08
 7.94161669e+08 7.94211669e+08 7.94261669e+08 7.94311669e+08
 7.94361669e+08 7.94411669e+08 7.94461669e+08 7.94511669e+08
 7.94561669e+08 7.94611669e+08 7.94661669e+08 7.94711669e+08
 7.94761669e+08 7.94811669e+08 7.94861669e+08 7.94911669e+08
 7.94961669e+08 7.95011669e+08 7.95061669e+08 7.95111669e+08
 7.95161669e+08 7.95211669e+08 7.95261669e+08 7.95311669e+08
 7.95361669e+08 7.95411669e+08 7.95461669e+08 7.95511669e+08
 7.95561669e+08 7.95611669e+08 7.95661669e+08 7.95711669e+08
 7.95761669e+08 7.95811669e+08 7.95861669e+08 7.95911669e+08
 7.95961669e+08 7.96011669e+08 7.96061669e+08 7.96111669e+08
 7.96161669e+08 7.96211669e+08 7.96261669e+08 7.96311669e+08
 7.96361669e+08 7.96411669e+08 7.96461669e+08 7.96511669e+08
 7.96561669e+08 7.96611669e+08 7.96661669e+08 7.96711669e+08
 7.96761669e+08 7.96811669e+08 7.96861669e+08 7.96911669e+08
 7.96961669e+08 7.97011669e+08 7.97061669e+08 7.97111669e+08
 7.97161669e+08 7.97211669e+08 7.97261669e+08 7.97311669e+08
 7.97361669e+08 7.97411669e+08 7.97461669e+08 7.97511669e+08
 7.97561669e+08 7.97611669e+08 7.97661669e+08 7.97711669e+08
 7.97761669e+08 7.97811669e+08 7.97861669e+08 7.97911669e+08
 7.97961669e+08 7.98011669e+08 7.98061669e+08 7.98111669e+08
 7.98161669e+08 7.98211669e+08 7.98261669e+08 7.98311669e+08
 7.98361669e+08 7.98411669e+08 7.98461669e+08 7.98511669e+08
 7.98561669e+08 7.98611669e+08 7.98661669e+08 7.98711669e+08
 7.98761669e+08 7.98811669e+08 7.98861669e+08 7.98911669e+08
 7.98961669e+08 7.99011669e+08 7.99061669e+08 7.99111669e+08
 7.99161669e+08 7.99211669e+08 7.99261669e+08 7.99311669e+08
 7.99361669e+08 7.99411669e+08 7.99461669e+08 7.99511669e+08
 7.99561669e+08 7.99611669e+08 7.99661669e+08 7.99711669e+08
 7.99761669e+08 7.99811669e+08 7.99861669e+08 7.99911669e+08
 7.99961669e+08 8.00011669e+08 8.00061669e+08 8.00111669e+08
 8.00161669e+08 8.00211669e+08 8.00261669e+08 8.00311669e+08
 8.00361669e+08 8.00411669e+08 8.00461669e+08 8.00511669e+08
 8.00561669e+08 8.00611669e+08 8.00661669e+08 8.00711669e+08
 8.00761669e+08 8.00811669e+08 8.00861669e+08 8.00911669e+08
 8.00961669e+08 8.01011669e+08 8.01061669e+08 8.01111669e+08
 8.01161669e+08 8.01211669e+08 8.01261669e+08 8.01311669e+08
 8.01361669e+08 8.01411669e+08 8.01461669e+08 8.01511669e+08
 8.01561669e+08 8.01611669e+08 8.01661669e+08 8.01711669e+08
 8.01761669e+08 8.01811669e+08 8.01861669e+08 8.01911669e+08
 8.01961669e+08 8.02011669e+08 8.02061669e+08 8.02111669e+08
 8.02161669e+08 8.02211669e+08 8.02261669e+08 8.02311669e+08
 8.02361669e+08 8.02411669e+08 8.02461669e+08 8.02511669e+08
 8.02561669e+08 8.02611669e+08 8.02661669e+08 8.02711669e+08
 8.02761669e+08 8.02811669e+08 8.02861669e+08 8.02911669e+08
 8.02961669e+08 8.03011669e+08 8.03061669e+08 8.03111669e+08
 8.03161669e+08 8.03211669e+08 8.03261669e+08 8.03311669e+08
 8.03361669e+08 8.03411669e+08 8.03461669e+08 8.03511669e+08
 8.03561669e+08 8.03611669e+08 8.03661669e+08 8.03711669e+08
 8.03761669e+08 8.03811669e+08 8.03861669e+08 8.03911669e+08
 8.03961669e+08 8.04011669e+08 8.04061669e+08 8.04111669e+08
 8.04161669e+08 8.04211669e+08 8.04261669e+08 8.04311669e+08
 8.04361669e+08 8.04411669e+08 8.04461669e+08 8.04511669e+08
 8.04561669e+08 8.04611669e+08 8.04661669e+08 8.04711669e+08
 8.04761669e+08 8.04811669e+08 8.04861669e+08 8.04911669e+08
 8.04961669e+08 8.05011669e+08 8.05061669e+08 8.05111669e+08
 8.05161669e+08 8.05211669e+08 8.05261669e+08 8.05311669e+08
 8.05361669e+08 8.05411669e+08 8.05461669e+08 8.05511669e+08
 8.05561669e+08 8.05611669e+08 8.05661669e+08 8.05711669e+08
 8.05761669e+08 8.05811669e+08 8.05861669e+08 8.05911669e+08
 8.05961669e+08 8.06011669e+08 8.06061669e+08 8.06111669e+08
 8.06161669e+08 8.06211669e+08 8.06261669e+08 8.06311669e+08
 8.06361669e+08 8.06411669e+08 8.06461669e+08 8.06511669e+08
 8.06561669e+08 8.06611669e+08 8.06661669e+08 8.06711669e+08
 8.06761669e+08 8.06811669e+08 8.06861669e+08 8.06911669e+08
 8.06961669e+08 8.07011669e+08 8.07061669e+08 8.07111669e+08
 8.07161669e+08 8.07211669e+08 8.07261669e+08 8.07311669e+08
 8.07361669e+08 8.07411669e+08 8.07461669e+08 8.07511669e+08
 8.07561669e+08 8.07611669e+08 8.07661669e+08 8.07711669e+08
 8.07761669e+08 8.07811669e+08 8.07861669e+08 8.07911669e+08
 8.07961669e+08 8.08011669e+08 8.08061669e+08 8.08111669e+08
 8.08161669e+08 8.08211669e+08 8.08261669e+08 8.08311669e+08
 8.08361669e+08 8.08411669e+08 8.08461669e+08 8.08511669e+08
 8.08561669e+08 8.08611669e+08 8.08661669e+08 8.08711669e+08
 8.08761669e+08 8.08811669e+08 8.08861669e+08 8.08911669e+08
 8.08961669e+08 8.09011669e+08 8.09061669e+08 8.09111669e+08
 8.09161669e+08 8.09211669e+08 8.09261669e+08 8.09311669e+08
 8.09361669e+08 8.09411669e+08 8.09461669e+08 8.09511669e+08
 8.09561669e+08 8.09611669e+08 8.09661669e+08 8.09711669e+08
 8.09761669e+08 8.09811669e+08 8.09861669e+08 8.09911669e+08
 8.09961669e+08 8.10011669e+08 8.10061669e+08 8.10111669e+08
 8.10161669e+08 8.10211669e+08 8.10261669e+08 8.10311669e+08
 8.10361669e+08 8.10411669e+08 8.10461669e+08 8.10511669e+08
 8.10561669e+08 8.10611669e+08 8.10661669e+08 8.10711669e+08
 8.10761669e+08 8.10811669e+08 8.10861669e+08 8.10911669e+08
 8.10961669e+08 8.11011669e+08 8.11061669e+08 8.11111669e+08
 8.11161669e+08 8.11211669e+08 8.11261669e+08 8.11311669e+08
 8.11361669e+08 8.11411669e+08 8.11461669e+08 8.11511669e+08
 8.11561669e+08 8.11611669e+08 8.11661669e+08 8.11711669e+08
 8.11761669e+08 8.11811669e+08 8.11861669e+08 8.11911669e+08
 8.11961669e+08 8.12011669e+08 8.12061669e+08 8.12111669e+08
 8.12161669e+08 8.12211669e+08 8.12261669e+08 8.12311669e+08
 8.12361669e+08 8.12411669e+08 8.12461669e+08 8.12511669e+08
 8.12561669e+08 8.12611669e+08 8.12661669e+08 8.12711669e+08
 8.12761669e+08 8.12811669e+08 8.12861669e+08 8.12911669e+08
 8.12961669e+08 8.13011669e+08 8.13061669e+08 8.13111669e+08
 8.13161669e+08 8.13211669e+08 8.13261669e+08 8.13311669e+08
 8.13361669e+08 8.13411669e+08 8.13461669e+08 8.13511669e+08
 8.13561669e+08 8.13611669e+08 8.13661669e+08 8.13711669e+08
 8.13761669e+08 8.13811669e+08 8.13861669e+08 8.13911669e+08
 8.13961669e+08 8.14011669e+08 8.14061669e+08 8.14111669e+08
 8.14161669e+08 8.14211669e+08 8.14261669e+08 8.14311669e+08
 8.14361669e+08 8.14411669e+08 8.14461669e+08 8.14511669e+08
 8.14561669e+08 8.14611669e+08 8.14661669e+08 8.14711669e+08
 8.14761669e+08 8.14811669e+08 8.14861669e+08 8.14911669e+08
 8.14961669e+08 8.15011669e+08 8.15061669e+08 8.15111669e+08
 8.15161669e+08 8.15211669e+08 8.15261669e+08 8.15311669e+08
 8.15361669e+08 8.15411669e+08 8.15461669e+08 8.15511669e+08
 8.15561669e+08 8.15611669e+08 8.15661669e+08 8.15711669e+08
 8.15761669e+08 8.15811669e+08 8.15861669e+08 8.15911669e+08
 8.15961669e+08 8.16011669e+08 8.16061669e+08 8.16111669e+08
 8.16161669e+08 8.16211669e+08 8.16261669e+08 8.16311669e+08
 8.16361669e+08 8.16411669e+08 8.16461669e+08 8.16511669e+08
 8.16561669e+08 8.16611669e+08 8.16661669e+08 8.16711669e+08
 8.16761669e+08 8.16811669e+08 8.16861669e+08 8.16911669e+08
 8.16961669e+08 8.17011669e+08 8.17061669e+08 8.17111669e+08
 8.17161669e+08 8.17211669e+08 8.17261669e+08 8.17311669e+08
 8.17361669e+08 8.17411669e+08 8.17461669e+08 8.17511669e+08
 8.17561669e+08 8.17611669e+08 8.17661669e+08 8.17711669e+08
 8.17761669e+08 8.17811669e+08 8.17861669e+08 8.17911669e+08
 8.17961669e+08 8.18011669e+08 8.18061669e+08 8.18111669e+08
 8.18161669e+08 8.18211669e+08 8.18261669e+08 8.18311669e+08
 8.18361669e+08 8.18411669e+08 8.18461669e+08 8.18511669e+08
 8.18561669e+08 8.18611669e+08 8.18661669e+08 8.18711669e+08
 8.18761669e+08 8.18811669e+08 8.18861669e+08 8.18911669e+08
 8.18961669e+08 8.19011669e+08 8.19061669e+08 8.19111669e+08
 8.19161669e+08 8.19211669e+08 8.19261669e+08 8.19311669e+08
 8.19361669e+08 8.19411669e+08 8.19461669e+08 8.19511669e+08
 8.19561669e+08 8.19611669e+08 8.19661669e+08 8.19711669e+08
 8.19761669e+08 8.19811669e+08 8.19861669e+08 8.19911669e+08
 8.19961669e+08 8.20011669e+08 8.20061669e+08 8.20111669e+08
 8.20161669e+08 8.20211669e+08 8.20261669e+08 8.20311669e+08
 8.20361669e+08 8.20411669e+08 8.20461669e+08]
631
[[ 5.13118943e+07 -7.39556122e+07 -3.93695629e+07]
 [ 5.09234434e+07 -7.39402623e+07 -3.93856381e+07]
 [ 5.05361092e+07 -7.39339089e+07 -3.94054470e+07]
 [ 5.01500325e+07 -7.39365300e+07 -3.94289791e+07]
 [ 4.97653532e+07 -7.39481009e+07 -3.94562226e+07]
 [ 4.93822096e+07 -7.39685939e+07 -3.94871644e+07]
 [ 4.90007385e+07 -7.39979793e+07 -3.95217901e+07]
 [ 4.86210750e+07 -7.40362247e+07 -3.95600845e+07]
 [ 4.82433519e+07 -7.40832958e+07 -3.96020311e+07]
 [ 4.78677002e+07 -7.41391565e+07 -3.96476127e+07]
 [ 4.74942486e+07 -7.42037692e+07 -3.96968115e+07]
 [ 4.71231234e+07 -7.42770946e+07 -3.97496090e+07]
 [ 4.67544488e+07 -7.43590928e+07 -3.98059863e+07]
 [ 4.63883469e+07 -7.44497227e+07 -3.98659243e+07]
 [ 4.60249374e+07 -7.45489429e+07 -3.99294036e+07]
 [ 4.56643384e+07 -7.46567115e+07 -3.99964049e+07]
 [ 4.53066662e+07 -7.47729865e+07 -4.00669089e+07]
 [ 4.49520353e+07 -7.48977259e+07 -4.01408965e+07]
 [ 4.46005592e+07 -7.50308880e+07 -4.02183489e+07]
 [ 4.42523505e+07 -7.51724312e+07 -4.02992475e+07]
 [ 4.39075209e+07 -7.53223141e+07 -4.03835740e+07]
 [ 4.35661820e+07 -7.54804957e+07 -4.04713105e+07]
 [ 4.32284450e+07 -7.56469351e+07 -4.05624392e+07]
 [ 4.28944214e+07 -7.58215914e+07 -4.06569426e+07]
 [ 4.25642230e+07 -7.60044235e+07 -4.07548030e+07]
 [ 4.22379622e+07 -7.61953901e+07 -4.08560031e+07]
 [ 4.19157517e+07 -7.63944494e+07 -4.09605252e+07]
 [ 4.15977050e+07 -7.66015587e+07 -4.10683513e+07]
 [ 4.12839361e+07 -7.68166747e+07 -4.11794633e+07]
 [ 4.09745597e+07 -7.70397529e+07 -4.12938426e+07]
 [ 4.06696908e+07 -7.72707476e+07 -4.14114701e+07]
 [ 4.03694449e+07 -7.75096121e+07 -4.15323261e+07]
 [ 4.00739380e+07 -7.77562980e+07 -4.16563905e+07]
 [ 3.97832859e+07 -7.80107556e+07 -4.17836422e+07]
 [ 3.94976052e+07 -7.82729338e+07 -4.19140598e+07]
 [ 3.92170121e+07 -7.85427800e+07 -4.20476211e+07]
 [ 3.89416230e+07 -7.88202399e+07 -4.21843031e+07]
 [ 3.86715544e+07 -7.91052578e+07 -4.23240823e+07]
 [ 3.84069228e+07 -7.93977763e+07 -4.24669342e+07]
 [ 3.81478445e+07 -7.96977365e+07 -4.26128339e+07]
 [ 3.78944358e+07 -8.00050777e+07 -4.27617554e+07]
 [ 3.76468130e+07 -8.03197375e+07 -4.29136720e+07]
 [ 3.74050922e+07 -8.06416517e+07 -4.30685561e+07]
 [ 3.71693894e+07 -8.09707541e+07 -4.32263794e+07]
 [ 3.69398204e+07 -8.13069767e+07 -4.33871123e+07]
 [ 3.67165007e+07 -8.16502491e+07 -4.35507244e+07]
 [ 3.64995453e+07 -8.20004987e+07 -4.37171840e+07]
 [ 3.62890687e+07 -8.23576505e+07 -4.38864585e+07]
 [ 3.60851846e+07 -8.27216270e+07 -4.40585137e+07]
 [ 3.58880054e+07 -8.30923482e+07 -4.42333144e+07]
 [ 3.56976423e+07 -8.34697314e+07 -4.44108239e+07]
 [ 3.55142046e+07 -8.38536912e+07 -4.45910044e+07]
 [ 3.53377994e+07 -8.42441400e+07 -4.47738167e+07]
 [ 3.51685317e+07 -8.46409877e+07 -4.49592206e+07]
 [ 3.50065034e+07 -8.50441421e+07 -4.51471749e+07]
 [ 3.48518137e+07 -8.54535093e+07 -4.53376374e+07]
 [ 3.47045587e+07 -8.58689939e+07 -4.55305653e+07]
 [ 3.45648313e+07 -8.62904995e+07 -4.57259154e+07]
 [ 3.44327211e+07 -8.67179286e+07 -4.59236440e+07]
 [ 3.43083148e+07 -8.71511834e+07 -4.61237074e+07]
 [ 3.41916963e+07 -8.75901659e+07 -4.63260619e+07]
 [ 3.40829464e+07 -8.80347782e+07 -4.65306638e+07]
 [ 3.39821437e+07 -8.84849225e+07 -4.67374698e+07]
 [ 3.38893645e+07 -8.89405013e+07 -4.69464368e+07]
 [ 3.38046828e+07 -8.94014179e+07 -4.71575222e+07]
 [ 3.37281712e+07 -8.98675758e+07 -4.73706837e+07]
 [ 3.36599006e+07 -9.03388793e+07 -4.75858795e+07]
 [ 3.35999406e+07 -9.08152334e+07 -4.78030681e+07]
 [ 3.35483598e+07 -9.12965434e+07 -4.80222086e+07]
 [ 3.35052259e+07 -9.17827153e+07 -4.82432604e+07]
 [ 3.34706059e+07 -9.22736555e+07 -4.84661832e+07]
 [ 3.34445667e+07 -9.27692706e+07 -4.86909370e+07]
 [ 3.34271743e+07 -9.32694677e+07 -4.89174820e+07]
 [ 3.34184949e+07 -9.37741535e+07 -4.91457786e+07]
 [ 3.34185944e+07 -9.42832351e+07 -4.93757870e+07]
 [ 3.34275386e+07 -9.47966190e+07 -4.96074676e+07]
 [ 3.34453932e+07 -9.53142116e+07 -4.98407807e+07]
 [ 3.34722239e+07 -9.58359186e+07 -5.00756863e+07]
 [ 3.35080962e+07 -9.63616452e+07 -5.03121440e+07]
 [ 3.35530753e+07 -9.68912958e+07 -5.05501134e+07]
 [ 3.36072263e+07 -9.74247739e+07 -5.07895535e+07]
 [ 3.36706140e+07 -9.79619823e+07 -5.10304229e+07]
 [ 3.37433027e+07 -9.85028228e+07 -5.12726799e+07]
 [ 3.38253563e+07 -9.90471961e+07 -5.15162822e+07]
 [ 3.39168382e+07 -9.95950019e+07 -5.17611872e+07]
 [ 3.40178110e+07 -1.00146139e+08 -5.20073515e+07]
 [ 3.41283371e+07 -1.00700505e+08 -5.22547314e+07]
 [ 3.42484780e+07 -1.01257997e+08 -5.25032826e+07]
 [ 3.43782945e+07 -1.01818510e+08 -5.27529604e+07]
 [ 3.45178468e+07 -1.02381938e+08 -5.30037193e+07]
 [ 3.46671945e+07 -1.02948174e+08 -5.32555134e+07]
 [ 3.48263962e+07 -1.03517110e+08 -5.35082959e+07]
 [ 3.49955099e+07 -1.04088637e+08 -5.37620196e+07]
 [ 3.51745927e+07 -1.04662643e+08 -5.40166363e+07]
 [ 3.53637009e+07 -1.05239016e+08 -5.42720971e+07]
 [ 3.55628894e+07 -1.05817640e+08 -5.45283521e+07]
 [ 3.57722120e+07 -1.06398401e+08 -5.47853506e+07]
 [ 3.59917209e+07 -1.06981179e+08 -5.50430408e+07]
 [ 3.62214665e+07 -1.07565855e+08 -5.53013698e+07]
 [ 3.64614969e+07 -1.08152306e+08 -5.55602839e+07]
 [ 3.67118575e+07 -1.08740408e+08 -5.58197281e+07]
 [ 3.69725908e+07 -1.09330035e+08 -5.60796467e+07]
 [ 3.72437362e+07 -1.09921060e+08 -5.63399833e+07]
 [ 3.75253293e+07 -1.10513355e+08 -5.66006808e+07]
 [ 3.78174018e+07 -1.11106790e+08 -5.68616820e+07]
 [ 3.81199819e+07 -1.11701237e+08 -5.71229293e+07]
 [ 3.84330939e+07 -1.12296565e+08 -5.73843655e+07]
 [ 3.87567587e+07 -1.12892647e+08 -5.76459335e+07]
 [ 3.90909936e+07 -1.13489355e+08 -5.79075769e+07]
 [ 3.94358132e+07 -1.14086561e+08 -5.81692400e+07]
 [ 3.97912295e+07 -1.14684141e+08 -5.84308676e+07]
 [ 4.01572521e+07 -1.15281971e+08 -5.86924056e+07]
 [ 4.05338886e+07 -1.15879928e+08 -5.89538003e+07]
 [ 4.09211452e+07 -1.16477890e+08 -5.92149993e+07]
 [ 4.13190266e+07 -1.17075739e+08 -5.94759504e+07]
 [ 4.17275363e+07 -1.17673355e+08 -5.97366026e+07]
 [ 4.21466769e+07 -1.18270620e+08 -5.99969052e+07]
 [ 4.25764503e+07 -1.18867419e+08 -6.02568082e+07]
 [ 4.30168575e+07 -1.19463636e+08 -6.05162622e+07]
 [ 4.34678991e+07 -1.20059157e+08 -6.07752181e+07]
 [ 4.39295751e+07 -1.20653866e+08 -6.10336274e+07]
 [ 4.44018853e+07 -1.21247651e+08 -6.12914416e+07]
 [ 4.48848287e+07 -1.21840399e+08 -6.15486129e+07]
 [ 4.53784044e+07 -1.22431997e+08 -6.18050933e+07]
 [ 4.58826109e+07 -1.23022333e+08 -6.20608352e+07]
 [ 4.63974463e+07 -1.23611295e+08 -6.23157908e+07]
 [ 4.69229086e+07 -1.24198770e+08 -6.25699127e+07]
 [ 4.74589952e+07 -1.24784647e+08 -6.28231532e+07]
 [ 4.80057032e+07 -1.25368812e+08 -6.30754645e+07]
 [ 4.85630290e+07 -1.25951154e+08 -6.33267988e+07]
 [ 4.91309688e+07 -1.26531559e+08 -6.35771082e+07]
 [ 4.97095179e+07 -1.27109915e+08 -6.38263444e+07]
 [ 5.02986712e+07 -1.27686108e+08 -6.40744592e+07]
 [ 5.08984228e+07 -1.28260024e+08 -6.43214039e+07]
 [ 5.15087661e+07 -1.28831548e+08 -6.45671297e+07]
 [ 5.21296937e+07 -1.29400567e+08 -6.48115874e+07]
 [ 5.27611972e+07 -1.29966964e+08 -6.50547278e+07]
 [ 5.34032678e+07 -1.30530625e+08 -6.52965010e+07]
 [ 5.40558954e+07 -1.31091432e+08 -6.55368572e+07]
 [ 5.47190691e+07 -1.31649270e+08 -6.57757458e+07]
 [ 5.53927773e+07 -1.32204019e+08 -6.60131162e+07]
 [ 5.60770069e+07 -1.32755562e+08 -6.62489170e+07]
 [ 5.67717441e+07 -1.33303780e+08 -6.64830967e+07]
 [ 5.74769737e+07 -1.33848552e+08 -6.67156028e+07]
 [ 5.81926790e+07 -1.34389757e+08 -6.69463826e+07]
 [ 5.89188420e+07 -1.34927273e+08 -6.71753825e+07]
 [ 5.96554425e+07 -1.35460976e+08 -6.74025483e+07]
 [ 6.04024583e+07 -1.35990741e+08 -6.76278251e+07]
 [ 6.11598645e+07 -1.36516442e+08 -6.78511573e+07]
 [ 6.19276335e+07 -1.37037953e+08 -6.80724887e+07]
 [ 6.27057341e+07 -1.37555145e+08 -6.82917629e+07]
 [ 6.34941317e+07 -1.38067890e+08 -6.85089228e+07]
 [ 6.42927879e+07 -1.38576060e+08 -6.87239117e+07]
 [ 6.51016602e+07 -1.39079528e+08 -6.89366729e+07]
 [ 6.59207025e+07 -1.39578165e+08 -6.91471502e+07]
 [ 6.67498650e+07 -1.40071848e+08 -6.93552883e+07]
 [ 6.75890946e+07 -1.40560453e+08 -6.95610325e+07]
 [ 6.84383353e+07 -1.41043857e+08 -6.97643297e+07]
 [ 6.92975289e+07 -1.41521942e+08 -6.99651277e+07]
 [ 7.01666149e+07 -1.41994591e+08 -7.01633755e+07]
 [ 7.10455317e+07 -1.42461689e+08 -7.03590234e+07]
 [ 7.19342161e+07 -1.42923124e+08 -7.05520229e+07]
 [ 7.28326044e+07 -1.43378786e+08 -7.07423266e+07]
 [ 7.37406321e+07 -1.43828565e+08 -7.09298879e+07]
 [ 7.46582343e+07 -1.44272356e+08 -7.11146614e+07]
 [ 7.55853458e+07 -1.44710054e+08 -7.12966021e+07]
 [ 7.65219011e+07 -1.45141554e+08 -7.14756661e+07]
 [ 7.74678345e+07 -1.45566754e+08 -7.16518099e+07]
 [ 7.84230802e+07 -1.45985554e+08 -7.18249905e+07]
 [ 7.93875720e+07 -1.46397851e+08 -7.19951656e+07]
 [ 8.03612438e+07 -1.46803549e+08 -7.21622932e+07]
 [ 8.13440292e+07 -1.47202546e+08 -7.23263316e+07]
 [ 8.23358617e+07 -1.47594747e+08 -7.24872397e+07]
 [ 8.33366745e+07 -1.47980054e+08 -7.26449765e+07]
 [ 8.43464008e+07 -1.48358370e+08 -7.27995012e+07]
 [ 8.53649734e+07 -1.48729599e+08 -7.29507733e+07]
 [ 8.63923249e+07 -1.49093645e+08 -7.30987525e+07]
 [ 8.74283879e+07 -1.49450414e+08 -7.32433985e+07]
 [ 8.84730942e+07 -1.49799811e+08 -7.33846711e+07]
 [ 8.95263758e+07 -1.50141740e+08 -7.35225304e+07]
 [ 9.05881638e+07 -1.50476108e+08 -7.36569363e+07]
 [ 9.16583894e+07 -1.50802820e+08 -7.37878486e+07]
 [ 9.27369828e+07 -1.51121781e+08 -7.39152274e+07]
 [ 9.38238740e+07 -1.51432898e+08 -7.40390325e+07]
 [ 9.49189924e+07 -1.51736077e+08 -7.41592236e+07]
 [ 9.60222667e+07 -1.52031223e+08 -7.42757606e+07]
 [ 9.71336248e+07 -1.52318243e+08 -7.43886029e+07]
 [ 9.82529940e+07 -1.52597041e+08 -7.44977099e+07]
 [ 9.93803009e+07 -1.52867523e+08 -7.46030410e+07]
 [ 1.00515471e+08 -1.53129595e+08 -7.47045552e+07]
 [ 1.01658429e+08 -1.53383161e+08 -7.48022112e+07]
 [ 1.02809098e+08 -1.53628127e+08 -7.48959676e+07]
 [ 1.03967401e+08 -1.53864396e+08 -7.49857826e+07]
 [ 1.05133258e+08 -1.54091872e+08 -7.50716140e+07]
 [ 1.06306589e+08 -1.54310458e+08 -7.51534193e+07]
 [ 1.07487310e+08 -1.54520057e+08 -7.52311557e+07]
 [ 1.08675338e+08 -1.54720572e+08 -7.53047800e+07]
 [ 1.09870585e+08 -1.54911904e+08 -7.53742487e+07]
 [ 1.11072960e+08 -1.55093955e+08 -7.54395182e+07]
 [ 1.12282370e+08 -1.55266627e+08 -7.55005449e+07]
 [ 1.13498718e+08 -1.55429822e+08 -7.55572854e+07]
 [ 1.14721904e+08 -1.55583444e+08 -7.56096968e+07]
 [ 1.15951824e+08 -1.55727398e+08 -7.56577368e+07]
 [ 1.17188372e+08 -1.55861591e+08 -7.57013643e+07]
 [ 1.18431437e+08 -1.55985931e+08 -7.57405393e+07]
 [ 1.19680908e+08 -1.56100332e+08 -7.57752230e+07]
 [ 1.20936669e+08 -1.56204708e+08 -7.58053784e+07]
 [ 1.22198605e+08 -1.56298976e+08 -7.58309699e+07]
 [ 1.23466599e+08 -1.56383057e+08 -7.58519634e+07]
 [ 1.24740534e+08 -1.56456876e+08 -7.58683263e+07]
 [ 1.26020293e+08 -1.56520358e+08 -7.58800272e+07]
 [ 1.27305758e+08 -1.56573432e+08 -7.58870361e+07]
 [ 1.28596811e+08 -1.56616029e+08 -7.58893239e+07]
 [ 1.29893337e+08 -1.56648082e+08 -7.58868625e+07]
 [ 1.31195219e+08 -1.56669525e+08 -7.58796247e+07]
 [ 1.32502340e+08 -1.56680295e+08 -7.58675840e+07]
 [ 1.33814587e+08 -1.56680328e+08 -7.58507143e+07]
 [ 1.35131842e+08 -1.56669564e+08 -7.58289905e+07]
 [ 1.36453992e+08 -1.56647942e+08 -7.58023877e+07]
 [ 1.37780922e+08 -1.56615404e+08 -7.57708816e+07]
 [ 1.39112518e+08 -1.56571891e+08 -7.57344483e+07]
 [ 1.40448666e+08 -1.56517346e+08 -7.56930642e+07]
 [ 1.41789252e+08 -1.56451713e+08 -7.56467064e+07]
 [ 1.43134163e+08 -1.56374937e+08 -7.55953518e+07]
 [ 1.44483285e+08 -1.56286963e+08 -7.55389781e+07]
 [ 1.45836506e+08 -1.56187738e+08 -7.54775630e+07]
 [ 1.47193711e+08 -1.56077207e+08 -7.54110844e+07]
 [ 1.48554788e+08 -1.55955319e+08 -7.53395206e+07]
 [ 1.49919624e+08 -1.55822021e+08 -7.52628499e+07]
 [ 1.51288107e+08 -1.55677262e+08 -7.51810508e+07]
 [ 1.52660123e+08 -1.55520990e+08 -7.50941019e+07]
 [ 1.54035560e+08 -1.55353155e+08 -7.50019818e+07]
 [ 1.55414303e+08 -1.55173706e+08 -7.49046693e+07]
 [ 1.56796241e+08 -1.54982592e+08 -7.48021429e+07]
 [ 1.58181260e+08 -1.54779764e+08 -7.46943814e+07]
 [ 1.59569245e+08 -1.54565171e+08 -7.45813634e+07]
 [ 1.60960082e+08 -1.54338764e+08 -7.44630674e+07]
 [ 1.62353656e+08 -1.54100492e+08 -7.43394719e+07]
 [ 1.63749852e+08 -1.53850305e+08 -7.42105553e+07]
 [ 1.65148552e+08 -1.53588155e+08 -7.40762957e+07]
 [ 1.66549641e+08 -1.53313990e+08 -7.39366713e+07]
 [ 1.67952998e+08 -1.53027761e+08 -7.37916600e+07]
 [ 1.69358503e+08 -1.52729418e+08 -7.36412397e+07]
 [ 1.70766037e+08 -1.52418911e+08 -7.34853881e+07]
 [ 1.72175474e+08 -1.52096190e+08 -7.33240829e+07]
 [ 1.73586690e+08 -1.51761206e+08 -7.31573018e+07]
 [ 1.74999558e+08 -1.51413908e+08 -7.29850225e+07]
 [ 1.76413946e+08 -1.51054250e+08 -7.28072232e+07]
 [ 1.77829723e+08 -1.50682182e+08 -7.26238823e+07]
 [ 1.79246753e+08 -1.50297659e+08 -7.24349789e+07]
 [ 1.80664898e+08 -1.49900637e+08 -7.22404932e+07]
 [ 1.82084017e+08 -1.49491072e+08 -7.20404062e+07]
 [ 1.83503967e+08 -1.49068926e+08 -7.18347003e+07]
 [ 1.84924604e+08 -1.48634162e+08 -7.16233594e+07]
 [ 1.86345781e+08 -1.48186745e+08 -7.14063689e+07]
 [ 1.87767350e+08 -1.47726647e+08 -7.11837160e+07]
 [ 1.89189165e+08 -1.47253839e+08 -7.09553895e+07]
 [ 1.90611078e+08 -1.46768297e+08 -7.07213798e+07]
 [ 1.92032942e+08 -1.46270001e+08 -7.04816785e+07]
 [ 1.93454610e+08 -1.45758933e+08 -7.02362788e+07]
 [ 1.94875939e+08 -1.45235075e+08 -6.99851749e+07]
 [ 1.96296782e+08 -1.44698415e+08 -6.97283623e+07]
 [ 1.97716998e+08 -1.44148940e+08 -6.94658369e+07]
 [ 1.99136444e+08 -1.43586640e+08 -6.91975957e+07]
 [ 2.00554981e+08 -1.43011506e+08 -6.89236363e+07]
 [ 2.01972467e+08 -1.42423531e+08 -6.86439568e+07]
 [ 2.03388764e+08 -1.41822708e+08 -6.83585560e+07]
 [ 2.04803735e+08 -1.41209032e+08 -6.80674329e+07]
 [ 2.06217241e+08 -1.40582499e+08 -6.77705871e+07]
 [ 2.07629148e+08 -1.39943105e+08 -6.74680186e+07]
 [ 2.09039319e+08 -1.39290849e+08 -6.71597277e+07]
 [ 2.10447619e+08 -1.38625729e+08 -6.68457151e+07]
 [ 2.11853914e+08 -1.37947745e+08 -6.65259819e+07]
 [ 2.13258070e+08 -1.37256896e+08 -6.62005293e+07]
 [ 2.14659955e+08 -1.36553185e+08 -6.58693590e+07]
 [ 2.16059436e+08 -1.35836613e+08 -6.55324728e+07]
 [ 2.17456381e+08 -1.35107182e+08 -6.51898728e+07]
 [ 2.18850659e+08 -1.34364896e+08 -6.48415612e+07]
 [ 2.20242140e+08 -1.33609758e+08 -6.44875402e+07]
 [ 2.21630693e+08 -1.32841771e+08 -6.41278125e+07]
 [ 2.23016188e+08 -1.32060941e+08 -6.37623803e+07]
 [ 2.24398496e+08 -1.31267271e+08 -6.33912463e+07]
 [ 2.25777487e+08 -1.30460767e+08 -6.30144128e+07]
 [ 2.27153033e+08 -1.29641433e+08 -6.26318824e+07]
 [ 2.28525003e+08 -1.28809275e+08 -6.22436574e+07]
 [ 2.29893268e+08 -1.27964297e+08 -6.18497401e+07]
 [ 2.31257699e+08 -1.27106505e+08 -6.14501326e+07]
 [ 2.32618165e+08 -1.26235905e+08 -6.10448371e+07]
 [ 2.33974534e+08 -1.25352500e+08 -6.06338557e+07]
 [ 2.35326675e+08 -1.24456297e+08 -6.02171904e+07]
 [ 2.36674455e+08 -1.23547303e+08 -5.97948432e+07]
 [ 2.38017738e+08 -1.22625522e+08 -5.93668163e+07]
 [ 2.39356391e+08 -1.21690962e+08 -5.89331119e+07]
 [ 2.40690275e+08 -1.20743629e+08 -5.84937325e+07]
 [ 2.42019252e+08 -1.19783532e+08 -5.80486809e+07]
 [ 2.43343180e+08 -1.18810680e+08 -5.75979605e+07]
 [ 2.44661917e+08 -1.17825083e+08 -5.71415752e+07]
 [ 2.45975319e+08 -1.16826754e+08 -5.66795297e+07]
 [ 2.47283239e+08 -1.15815706e+08 -5.62118297e+07]
 [ 2.48585530e+08 -1.14791955e+08 -5.57384821e+07]
 [ 2.49882041e+08 -1.13755522e+08 -5.52594951e+07]
 [ 2.51172622e+08 -1.12706427e+08 -5.47748783e+07]
 [ 2.52457123e+08 -1.11644696e+08 -5.42846428e+07]
 [ 2.53735391e+08 -1.10570356e+08 -5.37888015e+07]
 [ 2.55007276e+08 -1.09483440e+08 -5.32873687e+07]
 [ 2.56272626e+08 -1.08383980e+08 -5.27803602e+07]
 [ 2.57531293e+08 -1.07272016e+08 -5.22677935e+07]
 [ 2.58783128e+08 -1.06147585e+08 -5.17496871e+07]
 [ 2.60027986e+08 -1.05010732e+08 -5.12260608e+07]
 [ 2.61265720e+08 -1.03861499e+08 -5.06969353e+07]
 [ 2.62496188e+08 -1.02699933e+08 -5.01623324e+07]
 [ 2.63719249e+08 -1.01526083e+08 -4.96222743e+07]
 [ 2.64934763e+08 -1.00339997e+08 -4.90767840e+07]
 [ 2.66142593e+08 -9.91417266e+07 -4.85258851e+07]
 [ 2.67342601e+08 -9.79313222e+07 -4.79696014e+07]
 [ 2.68534653e+08 -9.67088370e+07 -4.74079573e+07]
 [ 2.69718615e+08 -9.54743245e+07 -4.68409776e+07]
 [ 2.70894355e+08 -9.42278391e+07 -4.62686873e+07]
 [ 2.72061743e+08 -9.29694360e+07 -4.56911117e+07]
 [ 2.73220648e+08 -9.16991712e+07 -4.51082765e+07]
 [ 2.74370942e+08 -9.04171016e+07 -4.45202076e+07]
 [ 2.75512497e+08 -8.91232845e+07 -4.39269311e+07]
 [ 2.76645187e+08 -8.78177782e+07 -4.33284734e+07]
 [ 2.77768886e+08 -8.65006414e+07 -4.27248612e+07]
 [ 2.78883471e+08 -8.51719335e+07 -4.21161212e+07]
 [ 2.79988819e+08 -8.38317143e+07 -4.15022803e+07]
 [ 2.81084807e+08 -8.24800441e+07 -4.08833654e+07]
 [ 2.82171314e+08 -8.11169833e+07 -4.02594036e+07]
 [ 2.83248220e+08 -7.97425929e+07 -3.96304218e+07]
 [ 2.84315406e+08 -7.83569337e+07 -3.89964471e+07]
 [ 2.85372753e+08 -7.69600666e+07 -3.83575062e+07]
 [ 2.86420143e+08 -7.55520528e+07 -3.77136260e+07]
 [ 2.87457459e+08 -7.41329531e+07 -3.70648330e+07]
 [ 2.88484581e+08 -7.27028284e+07 -3.64111536e+07]
 [ 2.89501394e+08 -7.12617394e+07 -3.57526141e+07]
 [ 2.90507778e+08 -6.98097470e+07 -3.50892406e+07]
 [ 2.91503616e+08 -6.83469118e+07 -3.44210593e+07]
 [ 2.92488789e+08 -6.68732950e+07 -3.37480962e+07]
 [ 2.93463176e+08 -6.53889576e+07 -3.30703773e+07]
 [ 2.94426658e+08 -6.38939614e+07 -3.23879291e+07]
 [ 2.95379113e+08 -6.23883686e+07 -3.17007778e+07]
 [ 2.96320417e+08 -6.08722426e+07 -3.10089506e+07]
 [ 2.97250446e+08 -5.93456475e+07 -3.03124748e+07]
 [ 2.98169075e+08 -5.78086490e+07 -2.96113784e+07]
 [ 2.99076178e+08 -5.62613144e+07 -2.89056904e+07]
 [ 2.99971627e+08 -5.47037127e+07 -2.81954405e+07]
 [ 3.00855293e+08 -5.31359151e+07 -2.74806595e+07]
 [ 3.01727048e+08 -5.15579950e+07 -2.67613794e+07]
 [ 3.02586760e+08 -4.99700286e+07 -2.60376335e+07]
 [ 3.03434302e+08 -4.83720945e+07 -2.53094565e+07]
 [ 3.04269542e+08 -4.67642742e+07 -2.45768843e+07]
 [ 3.05092351e+08 -4.51466520e+07 -2.38399544e+07]
 [ 3.05902603e+08 -4.35193152e+07 -2.30987058e+07]
 [ 3.06700168e+08 -4.18823535e+07 -2.23531787e+07]
 [ 3.07484923e+08 -4.02358595e+07 -2.16034146e+07]
 [ 3.08256743e+08 -3.85799279e+07 -2.08494561e+07]
 [ 3.09015507e+08 -3.69146557e+07 -2.00913471e+07]
 [ 3.09761096e+08 -3.52401417e+07 -1.93291320e+07]
 [ 3.10493393e+08 -3.35564865e+07 -1.85628563e+07]
 [ 3.11212283e+08 -3.18637919e+07 -1.77925658e+07]
 [ 3.11917654e+08 -3.01621610e+07 -1.70183072e+07]
 [ 3.12609395e+08 -2.84516980e+07 -1.62401273e+07]
 [ 3.13287398e+08 -2.67325078e+07 -1.54580734e+07]
 [ 3.13951557e+08 -2.50046961e+07 -1.46721930e+07]
 [ 3.14601767e+08 -2.32683695e+07 -1.38825339e+07]
 [ 3.15237926e+08 -2.15236348e+07 -1.30891440e+07]
 [ 3.15859934e+08 -1.97705997e+07 -1.22920716e+07]
 [ 3.16467691e+08 -1.80093723e+07 -1.14913650e+07]
 [ 3.17061099e+08 -1.62400610e+07 -1.06870725e+07]
 [ 3.17640063e+08 -1.44627749e+07 -9.87924278e+06]
 [ 3.18204489e+08 -1.26776233e+07 -9.06792455e+06]
 [ 3.18754284e+08 -1.08847162e+07 -8.25316656e+06]
 [ 3.19289356e+08 -9.08416353e+06 -7.43501764e+06]
 [ 3.19809616e+08 -7.27607567e+06 -6.61352664e+06]
 [ 3.20314976e+08 -5.46056314e+06 -5.78874239e+06]
 [ 3.20805348e+08 -3.63773650e+06 -4.96071364e+06]
 [ 3.21280648e+08 -1.80770633e+06 -4.12948904e+06]
 [ 3.21740792e+08  2.94169353e+04 -3.29511705e+06]
 [ 3.22185695e+08  1.87352309e+06 -2.45764591e+06]
 [ 3.22615278e+08  3.72450222e+06 -1.61712359e+06]
 [ 3.23029457e+08  5.58224481e+06 -7.73597783e+05]
 [ 3.23428153e+08  7.44664173e+06  7.28841605e+04]
 [ 3.23811285e+08  9.31758428e+06  9.22275173e+05]
 [ 3.24178773e+08  1.11949641e+07  1.77452846e+06]
 [ 3.24530537e+08  1.30786731e+07  2.62959741e+06]
 [ 3.24866495e+08  1.49686032e+07  3.48743556e+06]
 [ 3.25186567e+08  1.68646462e+07  4.34799639e+06]
 [ 3.25490669e+08  1.87666937e+07  5.21123328e+06]
 [ 3.25778720e+08  2.06746365e+07  6.07709927e+06]
 [ 3.26050634e+08  2.25883645e+07  6.94554700e+06]
 [ 3.26306328e+08  2.45077665e+07  7.81652846e+06]
 [ 3.26545715e+08  2.64327296e+07  8.68999492e+06]
 [ 3.26768711e+08  2.83631396e+07  9.56589676e+06]
 [ 3.26975228e+08  3.02988800e+07  1.04441834e+07]
 [ 3.27165180e+08  3.22398324e+07  1.13248031e+07]
 [ 3.27338481e+08  3.41858761e+07  1.22077032e+07]
 [ 3.27495046e+08  3.61368881e+07  1.30928294e+07]
 [ 3.27634789e+08  3.80927432e+07  1.39801267e+07]
 [ 3.27757626e+08  4.00533135e+07  1.48695386e+07]
 [ 3.27863475e+08  4.20184691e+07  1.57610075e+07]
 [ 3.27952254e+08  4.39880775e+07  1.66544744e+07]
 [ 3.28023886e+08  4.59620043e+07  1.75498797e+07]
 [ 3.28078292e+08  4.79401131e+07  1.84471624e+07]
 [ 3.28115399e+08  4.99222655e+07  1.93462607e+07]
 [ 3.28135134e+08  5.19083217e+07  2.02471122e+07]
 [ 3.28137427e+08  5.38981401e+07  2.11496536e+07]
 [ 3.28122213e+08  5.58915784e+07  2.20538212e+07]
 [ 3.28089425e+08  5.78884929e+07  2.29595507e+07]
 [ 3.28039003e+08  5.98887393e+07  2.38667776e+07]
 [ 3.27970888e+08  6.18921727e+07  2.47754372e+07]
 [ 3.27885024e+08  6.38986474e+07  2.56854644e+07]
 [ 3.27781355e+08  6.59080177e+07  2.65967942e+07]
 [ 3.27659830e+08  6.79201375e+07  2.75093615e+07]
 [ 3.27520401e+08  6.99348605e+07  2.84231011e+07]
 [ 3.27363018e+08  7.19520403e+07  2.93379480e+07]
 [ 3.27187638e+08  7.39715304e+07  3.02538370e+07]
 [ 3.26994216e+08  7.59931844e+07  3.11707031e+07]
 [ 3.26782712e+08  7.80168556e+07  3.20884815e+07]
 [ 3.26553086e+08  8.00423976e+07  3.30071073e+07]
 [ 3.26305300e+08  8.20696640e+07  3.39265156e+07]
 [ 3.26039319e+08  8.40985085e+07  3.48466420e+07]
 [ 3.25755110e+08  8.61287850e+07  3.57674220e+07]
 [ 3.25452639e+08  8.81603476e+07  3.66887913e+07]
 [ 3.25131878e+08  9.01930507e+07  3.76106859e+07]
 [ 3.24792797e+08  9.22267492e+07  3.85330422e+07]
 [ 3.24435371e+08  9.42612986e+07  3.94557969e+07]
 [ 3.24059572e+08  9.62965548e+07  4.03788869e+07]
 [ 3.23665379e+08  9.83323748e+07  4.13022498e+07]
 [ 3.23252767e+08  1.00368616e+08  4.22258235e+07]
 [ 3.22821715e+08  1.02405137e+08  4.31495468e+07]
 [ 3.22372202e+08  1.04441798e+08  4.40733585e+07]
 [ 3.21904207e+08  1.06478458e+08  4.49971982e+07]
 [ 3.21417710e+08  1.08514978e+08  4.59210059e+07]
 [ 3.20912689e+08  1.10551221e+08  4.68447218e+07]
 [ 3.20389122e+08  1.12587047e+08  4.77682864e+07]
 [ 3.19846988e+08  1.14622319e+08  4.86916402e+07]
 [ 3.19286264e+08  1.16656899e+08  4.96147232e+07]
 [ 3.18706925e+08  1.18690647e+08  5.05374753e+07]
 [ 3.18108949e+08  1.20723422e+08  5.14598358e+07]
 [ 3.17492311e+08  1.22755083e+08  5.23817431e+07]
 [ 3.16856985e+08  1.24785487e+08  5.33031348e+07]
 [ 3.16202948e+08  1.26814489e+08  5.42239476e+07]
 [ 3.15530176e+08  1.28841942e+08  5.51441169e+07]
 [ 3.14838647e+08  1.30867696e+08  5.60635774e+07]
 [ 3.14128338e+08  1.32891602e+08  5.69822625e+07]
 [ 3.13399230e+08  1.34913505e+08  5.79001048e+07]
 [ 3.12651304e+08  1.36933251e+08  5.88170356e+07]
 [ 3.11884546e+08  1.38950685e+08  5.97329857e+07]
 [ 3.11098940e+08  1.40965647e+08  6.06478848e+07]
 [ 3.10294476e+08  1.42977980e+08  6.15616622e+07]
 [ 3.09471145e+08  1.44987522e+08  6.24742463e+07]
 [ 3.08628941e+08  1.46994112e+08  6.33855651e+07]
 [ 3.07767860e+08  1.48997587e+08  6.42955461e+07]
 [ 3.06887903e+08  1.50997785e+08  6.52041165e+07]
 [ 3.05989072e+08  1.52994542e+08  6.61112032e+07]
 [ 3.05071372e+08  1.54987693e+08  6.70167332e+07]
 [ 3.04134811e+08  1.56977075e+08  6.79206332e+07]
 [ 3.03179400e+08  1.58962524e+08  6.88228298e+07]
 [ 3.02205154e+08  1.60943874e+08  6.97232501e+07]
 [ 3.01212087e+08  1.62920964e+08  7.06218209e+07]
 [ 3.00200220e+08  1.64893628e+08  7.15184694e+07]
 [ 2.99169573e+08  1.66861704e+08  7.24131233e+07]
 [ 2.98120171e+08  1.68825029e+08  7.33057100e+07]
 [ 2.97052039e+08  1.70783441e+08  7.41961578e+07]
 [ 2.95965206e+08  1.72736778e+08  7.50843950e+07]
 [ 2.94859703e+08  1.74684879e+08  7.59703503e+07]
 [ 2.93735562e+08  1.76627585e+08  7.68539528e+07]
 [ 2.92592817e+08  1.78564735e+08  7.77351320e+07]
 [ 2.91431507e+08  1.80496171e+08  7.86138178e+07]
 [ 2.90251669e+08  1.82421734e+08  7.94899406e+07]
 [ 2.89053344e+08  1.84341268e+08  8.03634312e+07]
 [ 2.87836575e+08  1.86254616e+08  8.12342208e+07]
 [ 2.86601407e+08  1.88161623e+08  8.21022413e+07]
 [ 2.85347885e+08  1.90062135e+08  8.29674251e+07]
 [ 2.84076057e+08  1.91955999e+08  8.38297054e+07]
 [ 2.82785974e+08  1.93843063e+08  8.46890158e+07]
 [ 2.81477685e+08  1.95723177e+08  8.55452909e+07]
 [ 2.80151242e+08  1.97596193e+08  8.63984659e+07]
 [ 2.78806698e+08  1.99461962e+08  8.72484768e+07]
 [ 2.77444107e+08  2.01320339e+08  8.80952605e+07]
 [ 2.76063521e+08  2.03171179e+08  8.89387544e+07]
 [ 2.74664994e+08  2.05014341e+08  8.97788965e+07]
 [ 2.73248578e+08  2.06849680e+08  9.06156254e+07]
 [ 2.71814326e+08  2.08677055e+08  9.14488798e+07]
 [ 2.70362289e+08  2.10496325e+08  9.22785985e+07]
 [ 2.68892518e+08  2.12307349e+08  9.31047202e+07]
 [ 2.67405063e+08  2.14109983e+08  9.39271828e+07]
 [ 2.65899974e+08  2.15904085e+08  9.47459241e+07]
 [ 2.64377300e+08  2.17689509e+08  9.55608806e+07]
 [ 2.62837092e+08  2.19466111e+08  9.63719884e+07]
 [ 2.61279401e+08  2.21233742e+08  9.71791824e+07]
 [ 2.59704280e+08  2.22992252e+08  9.79823967e+07]
 [ 2.58111784e+08  2.24741492e+08  9.87815644e+07]
 [ 2.56501968e+08  2.26481309e+08  9.95766182e+07]
 [ 2.54874892e+08  2.28211550e+08  1.00367490e+08]
 [ 2.53230617e+08  2.29932061e+08  1.01154110e+08]
 [ 2.51569207e+08  2.31642688e+08  1.01936411e+08]
 [ 2.49890729e+08  2.33343275e+08  1.02714323e+08]
 [ 2.48195253e+08  2.35033666e+08  1.03487775e+08]
 [ 2.46482852e+08  2.36713706e+08  1.04256700e+08]
 [ 2.44753601e+08  2.38383240e+08  1.05021026e+08]
 [ 2.43007577e+08  2.40042111e+08  1.05780684e+08]
 [ 2.41244864e+08  2.41690166e+08  1.06535605e+08]
 [ 2.39465544e+08  2.43327249e+08  1.07285720e+08]
 [ 2.37669704e+08  2.44953207e+08  1.08030960e+08]
 [ 2.35857433e+08  2.46567887e+08  1.08771256e+08]
 [ 2.34028824e+08  2.48171135e+08  1.09506541e+08]
 [ 2.32183972e+08  2.49762802e+08  1.10236746e+08]
 [ 2.30322973e+08  2.51342736e+08  1.10961805e+08]
 [ 2.28445927e+08  2.52910789e+08  1.11681651e+08]
 [ 2.26552936e+08  2.54466812e+08  1.12396218e+08]
 [ 2.24644104e+08  2.56010659e+08  1.13105441e+08]
 [ 2.22719537e+08  2.57542184e+08  1.13809255e+08]
 [ 2.20779344e+08  2.59061244e+08  1.14507597e+08]
 [ 2.18823636e+08  2.60567695e+08  1.15200403e+08]
 [ 2.16852524e+08  2.62061398e+08  1.15887611e+08]
 [ 2.14866123e+08  2.63542211e+08  1.16569158e+08]
 [ 2.12864549e+08  2.65009998e+08  1.17244984e+08]
 [ 2.10847921e+08  2.66464622e+08  1.17915029e+08]
 [ 2.08816356e+08  2.67905948e+08  1.18579234e+08]
 [ 2.06769977e+08  2.69333844e+08  1.19237539e+08]
 [ 2.04708905e+08  2.70748177e+08  1.19889888e+08]
 [ 2.02633265e+08  2.72148819e+08  1.20536223e+08]
 [ 2.00543183e+08  2.73535642e+08  1.21176488e+08]
 [ 1.98438783e+08  2.74908521e+08  1.21810630e+08]
 [ 1.96320194e+08  2.76267332e+08  1.22438593e+08]
 [ 1.94187543e+08  2.77611955e+08  1.23060326e+08]
 [ 1.92040958e+08  2.78942269e+08  1.23675776e+08]
 [ 1.89880567e+08  2.80258158e+08  1.24284893e+08]
 [ 1.87706499e+08  2.81559506e+08  1.24887627e+08]
 [ 1.85518881e+08  2.82846200e+08  1.25483927e+08]
 [ 1.83317839e+08  2.84118126e+08  1.26073747e+08]
 [ 1.81103500e+08  2.85375175e+08  1.26657037e+08]
 [ 1.78875987e+08  2.86617234e+08  1.27233748e+08]
 [ 1.76635424e+08  2.87844193e+08  1.27803834e+08]
 [ 1.74381935e+08  2.89055941e+08  1.28367244e+08]
 [ 1.72115643e+08  2.90252366e+08  1.28923930e+08]
 [ 1.69836670e+08  2.91433354e+08  1.29473841e+08]
 [ 1.67545140e+08  2.92598791e+08  1.30016928e+08]
 [ 1.65241178e+08  2.93748563e+08  1.30553137e+08]
 [ 1.62924912e+08  2.94882553e+08  1.31082418e+08]
 [ 1.60596470e+08  2.96000645e+08  1.31604718e+08]
 [ 1.58255984e+08  2.97102721e+08  1.32119984e+08]
 [ 1.55903588e+08  2.98188664e+08  1.32628164e+08]
 [ 1.53539418e+08  2.99258357e+08  1.33129203e+08]
 [ 1.51163614e+08  3.00311682e+08  1.33623049e+08]
 [ 1.48776318e+08  3.01348523e+08  1.34109649e+08]
 [ 1.46377675e+08  3.02368766e+08  1.34588951e+08]
 [ 1.43967832e+08  3.03372295e+08  1.35060904e+08]
 [ 1.41546940e+08  3.04358997e+08  1.35525455e+08]
 [ 1.39115150e+08  3.05328761e+08  1.35982554e+08]
 [ 1.36672618e+08  3.06281475e+08  1.36432151e+08]
 [ 1.34219501e+08  3.07217031e+08  1.36874196e+08]
 [ 1.31755958e+08  3.08135320e+08  1.37308641e+08]
 [ 1.29282150e+08  3.09036238e+08  1.37735438e+08]
 [ 1.26798241e+08  3.09919678e+08  1.38154539e+08]
 [ 1.24304396e+08  3.10785540e+08  1.38565898e+08]
 [ 1.21800783e+08  3.11633723e+08  1.38969470e+08]
 [ 1.19287571e+08  3.12464127e+08  1.39365210e+08]
 [ 1.16764930e+08  3.13276655e+08  1.39753075e+08]
 [ 1.14233034e+08  3.14071214e+08  1.40133022e+08]
 [ 1.11692057e+08  3.14847711e+08  1.40505010e+08]
 [ 1.09142174e+08  3.15606055e+08  1.40868997e+08]
 [ 1.06583563e+08  3.16346158e+08  1.41224945e+08]
 [ 1.04016403e+08  3.17067933e+08  1.41572815e+08]
 [ 1.01440871e+08  3.17771298e+08  1.41912569e+08]
 [ 9.88571508e+07  3.18456171e+08  1.42244172e+08]
 [ 9.62654224e+07  3.19122472e+08  1.42567588e+08]
 [ 9.36658687e+07  3.19770125e+08  1.42882784e+08]
 [ 9.10586732e+07  3.20399057e+08  1.43189725e+08]
 [ 8.84440199e+07  3.21009194e+08  1.43488382e+08]
 [ 8.58220932e+07  3.21600468e+08  1.43778723e+08]
 [ 8.31930780e+07  3.22172813e+08  1.44060719e+08]
 [ 8.05571593e+07  3.22726163e+08  1.44334341e+08]
 [ 7.79145221e+07  3.23260457e+08  1.44599564e+08]
 [ 7.52653509e+07  3.23775636e+08  1.44856360e+08]
 [ 7.26098300e+07  3.24271642e+08  1.45104705e+08]
 [ 6.99481427e+07  3.24748422e+08  1.45344576e+08]
 [ 6.72804713e+07  3.25205923e+08  1.45575949e+08]
 [ 6.46069969e+07  3.25644094e+08  1.45798803e+08]
 [ 6.19278991e+07  3.26062885e+08  1.46013116e+08]
 [ 5.92433562e+07  3.26462249e+08  1.46218866e+08]
 [ 5.65535448e+07  3.26842138e+08  1.46416033e+08]
 [ 5.38586404e+07  3.27202505e+08  1.46604596e+08]
 [ 5.11588177e+07  3.27543303e+08  1.46784532e+08]
 [ 4.84542508e+07  3.27864483e+08  1.46955822e+08]
 [ 4.57451139e+07  3.28165998e+08  1.47118441e+08]
 [ 4.30315817e+07  3.28447798e+08  1.47272367e+08]
 [ 4.03138300e+07  3.28709833e+08  1.47417577e+08]
 [ 3.75920364e+07  3.28952055e+08  1.47554047e+08]
 [ 3.48663801e+07  3.29174414e+08  1.47681754e+08]
 [ 3.21370426e+07  3.29376859e+08  1.47800674e+08]
 [ 2.94042074e+07  3.29559342e+08  1.47910783e+08]
 [ 2.66680606e+07  3.29721815e+08  1.48012059e+08]
 [ 2.39287900e+07  3.29864233e+08  1.48104478e+08]
 [ 2.11865860e+07  3.29986549e+08  1.48188019e+08]
 [ 1.84416405e+07  3.30088720e+08  1.48262662e+08]
 [ 1.56941475e+07  3.30170705e+08  1.48328385e+08]
 [ 1.29443026e+07  3.30232464e+08  1.48385169e+08]
 [ 1.01923030e+07  3.30273960e+08  1.48432997e+08]
 [ 7.43834704e+06  3.30295157e+08  1.48471850e+08]
 [ 4.68263478e+06  3.30296021e+08  1.48501713e+08]
 [ 1.92536728e+06  3.30276523e+08  1.48522570e+08]
 [-8.33253186e+05  3.30236632e+08  1.48534406e+08]
 [-3.59302329e+06  3.30176323e+08  1.48537209e+08]
 [-6.35373869e+06  3.30095570e+08  1.48530967e+08]
 [-9.11519411e+06  3.29994352e+08  1.48515668e+08]
 [-1.18771834e+07  3.29872650e+08  1.48491302e+08]
 [-1.46394997e+07  3.29730445e+08  1.48457861e+08]
 [-1.74019353e+07  3.29567725e+08  1.48415337e+08]
 [-2.01642821e+07  3.29384476e+08  1.48363724e+08]
 [-2.29263314e+07  3.29180689e+08  1.48303017e+08]
 [-2.56878741e+07  3.28956358e+08  1.48233212e+08]
 [-2.84487009e+07  3.28711479e+08  1.48154306e+08]
 [-3.12086024e+07  3.28446050e+08  1.48066298e+08]
 [-3.39673691e+07  3.28160073e+08  1.47969189e+08]
 [-3.67247919e+07  3.27853552e+08  1.47862979e+08]
 [-3.94806619e+07  3.27526495e+08  1.47747672e+08]
 [-4.22347707e+07  3.27178910e+08  1.47623270e+08]
 [-4.49869105e+07  3.26810811e+08  1.47489780e+08]
 [-4.77368744e+07  3.26422213e+08  1.47347208e+08]
 [-5.04844564e+07  3.26013134e+08  1.47195561e+08]
 [-5.32294518e+07  3.25583594e+08  1.47034849e+08]
 [-5.59716571e+07  3.25133616e+08  1.46865080e+08]
 [-5.87108704e+07  3.24663225e+08  1.46686267e+08]
 [-6.14468913e+07  3.24172449e+08  1.46498421e+08]
 [-6.41795216e+07  3.23661317e+08  1.46301555e+08]
 [-6.69085649e+07  3.23129860e+08  1.46095681e+08]
 [-6.96338268e+07  3.22578112e+08  1.45880815e+08]
 [-7.23551151e+07  3.22006106e+08  1.45656970e+08]
 [-7.50722398e+07  3.21413876e+08  1.45424162e+08]]
