[7.25803269e+08 7.25853269e+08 7.25903269e+08 7.25953269e+08
 7.26003269e+08 7.26053269e+08 7.26103269e+08 7.26153269e+08
 7.26203269e+08 7.26253269e+08 7.26303269e+08 7.26353269e+08
 7.26403269e+08 7.26453269e+08 7.26503269e+08 7.26553269e+08
 7.26603269e+08 7.26653269e+08 7.26703269e+08 7.26753269e+08
 7.26803269e+08 7.26853269e+08 7.26903269e+08 7.26953269e+08
 7.27003269e+08 7.27053269e+08 7.27103269e+08 7.27153269e+08
 7.27203269e+08 7.27253269e+08 7.27303269e+08 7.27353269e+08
 7.27403269e+08 7.27453269e+08 7.27503269e+08 7.27553269e+08
 7.27603269e+08 7.27653269e+08 7.27703269e+08 7.27753269e+08
 7.27803269e+08 7.27853269e+08 7.27903269e+08 7.27953269e+08
 7.28003269e+08 7.28053269e+08 7.28103269e+08 7.28153269e+08
 7.28203269e+08 7.28253269e+08 7.28303269e+08 7.28353269e+08
 7.28403269e+08 7.28453269e+08 7.28503269e+08 7.28553269e+08
 7.28603269e+08 7.28653269e+08 7.28703269e+08 7.28753269e+08
 7.28803269e+08 7.28853269e+08 7.28903269e+08 7.28953269e+08
 7.29003269e+08 7.29053269e+08 7.29103269e+08 7.29153269e+08
 7.29203269e+08 7.29253269e+08 7.29303269e+08 7.29353269e+08
 7.29403269e+08 7.29453269e+08 7.29503269e+08 7.29553269e+08
 7.29603269e+08 7.29653269e+08 7.29703269e+08 7.29753269e+08
 7.29803269e+08 7.29853269e+08 7.29903269e+08 7.29953269e+08
 7.30003269e+08 7.30053269e+08 7.30103269e+08 7.30153269e+08
 7.30203269e+08 7.30253269e+08 7.30303269e+08 7.30353269e+08
 7.30403269e+08 7.30453269e+08 7.30503269e+08 7.30553269e+08
 7.30603269e+08 7.30653269e+08 7.30703269e+08 7.30753269e+08
 7.30803269e+08 7.30853269e+08 7.30903269e+08 7.30953269e+08
 7.31003269e+08 7.31053269e+08 7.31103269e+08 7.31153269e+08
 7.31203269e+08 7.31253269e+08 7.31303269e+08 7.31353269e+08
 7.31403269e+08 7.31453269e+08 7.31503269e+08 7.31553269e+08
 7.31603269e+08 7.31653269e+08 7.31703269e+08 7.31753269e+08
 7.31803269e+08 7.31853269e+08 7.31903269e+08 7.31953269e+08
 7.32003269e+08 7.32053269e+08 7.32103269e+08 7.32153269e+08
 7.32203269e+08 7.32253269e+08 7.32303269e+08 7.32353269e+08
 7.32403269e+08 7.32453269e+08 7.32503269e+08 7.32553269e+08
 7.32603269e+08 7.32653269e+08 7.32703269e+08 7.32753269e+08
 7.32803269e+08 7.32853269e+08 7.32903269e+08 7.32953269e+08
 7.33003269e+08 7.33053269e+08 7.33103269e+08 7.33153269e+08
 7.33203269e+08 7.33253269e+08 7.33303269e+08 7.33353269e+08
 7.33403269e+08 7.33453269e+08 7.33503269e+08 7.33553269e+08
 7.33603269e+08 7.33653269e+08 7.33703269e+08 7.33753269e+08
 7.33803269e+08 7.33853269e+08 7.33903269e+08 7.33953269e+08
 7.34003269e+08 7.34053269e+08 7.34103269e+08 7.34153269e+08
 7.34203269e+08 7.34253269e+08 7.34303269e+08 7.34353269e+08
 7.34403269e+08 7.34453269e+08 7.34503269e+08 7.34553269e+08
 7.34603269e+08 7.34653269e+08 7.34703269e+08 7.34753269e+08
 7.34803269e+08 7.34853269e+08 7.34903269e+08 7.34953269e+08
 7.35003269e+08 7.35053269e+08 7.35103269e+08 7.35153269e+08
 7.35203269e+08 7.35253269e+08 7.35303269e+08 7.35353269e+08
 7.35403269e+08 7.35453269e+08 7.35503269e+08 7.35553269e+08
 7.35603269e+08 7.35653269e+08 7.35703269e+08 7.35753269e+08
 7.35803269e+08 7.35853269e+08 7.35903269e+08 7.35953269e+08
 7.36003269e+08 7.36053269e+08 7.36103269e+08 7.36153269e+08
 7.36203269e+08 7.36253269e+08 7.36303269e+08 7.36353269e+08
 7.36403269e+08 7.36453269e+08 7.36503269e+08 7.36553269e+08
 7.36603269e+08 7.36653269e+08 7.36703269e+08 7.36753269e+08
 7.36803269e+08 7.36853269e+08 7.36903269e+08 7.36953269e+08
 7.37003269e+08 7.37053269e+08 7.37103269e+08 7.37153269e+08
 7.37203269e+08 7.37253269e+08 7.37303269e+08 7.37353269e+08
 7.37403269e+08 7.37453269e+08 7.37503269e+08 7.37553269e+08
 7.37603269e+08 7.37653269e+08 7.37703269e+08 7.37753269e+08
 7.37803269e+08 7.37853269e+08 7.37903269e+08 7.37953269e+08
 7.38003269e+08 7.38053269e+08 7.38103269e+08 7.38153269e+08
 7.38203269e+08 7.38253269e+08 7.38303269e+08 7.38353269e+08
 7.38403269e+08 7.38453269e+08 7.38503269e+08 7.38553269e+08
 7.38603269e+08 7.38653269e+08 7.38703269e+08 7.38753269e+08
 7.38803269e+08 7.38853269e+08 7.38903269e+08 7.38953269e+08
 7.39003269e+08 7.39053269e+08 7.39103269e+08 7.39153269e+08
 7.39203269e+08 7.39253269e+08 7.39303269e+08 7.39353269e+08
 7.39403269e+08 7.39453269e+08 7.39503269e+08 7.39553269e+08
 7.39603269e+08 7.39653269e+08 7.39703269e+08 7.39753269e+08
 7.39803269e+08 7.39853269e+08 7.39903269e+08 7.39953269e+08
 7.40003269e+08 7.40053269e+08 7.40103269e+08 7.40153269e+08
 7.40203269e+08 7.40253269e+08 7.40303269e+08 7.40353269e+08
 7.40403269e+08 7.40453269e+08 7.40503269e+08 7.40553269e+08
 7.40603269e+08 7.40653269e+08 7.40703269e+08 7.40753269e+08
 7.40803269e+08 7.40853269e+08 7.40903269e+08 7.40953269e+08
 7.41003269e+08 7.41053269e+08 7.41103269e+08 7.41153269e+08
 7.41203269e+08 7.41253269e+08 7.41303269e+08 7.41353269e+08
 7.41403269e+08 7.41453269e+08 7.41503269e+08 7.41553269e+08
 7.41603269e+08 7.41653269e+08 7.41703269e+08 7.41753269e+08
 7.41803269e+08 7.41853269e+08 7.41903269e+08 7.41953269e+08
 7.42003269e+08 7.42053269e+08 7.42103269e+08 7.42153269e+08
 7.42203269e+08 7.42253269e+08 7.42303269e+08 7.42353269e+08
 7.42403269e+08 7.42453269e+08 7.42503269e+08 7.42553269e+08
 7.42603269e+08 7.42653269e+08 7.42703269e+08 7.42753269e+08
 7.42803269e+08 7.42853269e+08 7.42903269e+08 7.42953269e+08
 7.43003269e+08 7.43053269e+08 7.43103269e+08 7.43153269e+08
 7.43203269e+08 7.43253269e+08 7.43303269e+08 7.43353269e+08
 7.43403269e+08 7.43453269e+08 7.43503269e+08 7.43553269e+08
 7.43603269e+08 7.43653269e+08 7.43703269e+08 7.43753269e+08
 7.43803269e+08 7.43853269e+08 7.43903269e+08 7.43953269e+08
 7.44003269e+08 7.44053269e+08 7.44103269e+08 7.44153269e+08
 7.44203269e+08 7.44253269e+08 7.44303269e+08 7.44353269e+08
 7.44403269e+08 7.44453269e+08 7.44503269e+08 7.44553269e+08
 7.44603269e+08 7.44653269e+08 7.44703269e+08 7.44753269e+08
 7.44803269e+08 7.44853269e+08 7.44903269e+08 7.44953269e+08
 7.45003269e+08 7.45053269e+08 7.45103269e+08 7.45153269e+08
 7.45203269e+08 7.45253269e+08 7.45303269e+08 7.45353269e+08
 7.45403269e+08 7.45453269e+08 7.45503269e+08 7.45553269e+08
 7.45603269e+08 7.45653269e+08 7.45703269e+08 7.45753269e+08
 7.45803269e+08 7.45853269e+08 7.45903269e+08 7.45953269e+08
 7.46003269e+08 7.46053269e+08 7.46103269e+08 7.46153269e+08
 7.46203269e+08 7.46253269e+08 7.46303269e+08 7.46353269e+08
 7.46403269e+08 7.46453269e+08 7.46503269e+08 7.46553269e+08
 7.46603269e+08 7.46653269e+08 7.46703269e+08 7.46753269e+08
 7.46803269e+08 7.46853269e+08 7.46903269e+08 7.46953269e+08
 7.47003269e+08 7.47053269e+08 7.47103269e+08 7.47153269e+08
 7.47203269e+08 7.47253269e+08 7.47303269e+08 7.47353269e+08
 7.47403269e+08 7.47453269e+08 7.47503269e+08 7.47553269e+08
 7.47603269e+08 7.47653269e+08 7.47703269e+08 7.47753269e+08
 7.47803269e+08 7.47853269e+08 7.47903269e+08 7.47953269e+08
 7.48003269e+08 7.48053269e+08 7.48103269e+08 7.48153269e+08
 7.48203269e+08 7.48253269e+08 7.48303269e+08 7.48353269e+08
 7.48403269e+08 7.48453269e+08 7.48503269e+08 7.48553269e+08
 7.48603269e+08 7.48653269e+08 7.48703269e+08 7.48753269e+08
 7.48803269e+08 7.48853269e+08 7.48903269e+08 7.48953269e+08
 7.49003269e+08 7.49053269e+08 7.49103269e+08 7.49153269e+08
 7.49203269e+08 7.49253269e+08 7.49303269e+08 7.49353269e+08
 7.49403269e+08 7.49453269e+08 7.49503269e+08 7.49553269e+08
 7.49603269e+08 7.49653269e+08 7.49703269e+08 7.49753269e+08
 7.49803269e+08 7.49853269e+08 7.49903269e+08 7.49953269e+08
 7.50003269e+08 7.50053269e+08 7.50103269e+08 7.50153269e+08
 7.50203269e+08 7.50253269e+08 7.50303269e+08 7.50353269e+08
 7.50403269e+08 7.50453269e+08 7.50503269e+08 7.50553269e+08
 7.50603269e+08 7.50653269e+08 7.50703269e+08 7.50753269e+08
 7.50803269e+08 7.50853269e+08 7.50903269e+08 7.50953269e+08
 7.51003269e+08 7.51053269e+08 7.51103269e+08 7.51153269e+08
 7.51203269e+08 7.51253269e+08 7.51303269e+08 7.51353269e+08
 7.51403269e+08 7.51453269e+08 7.51503269e+08 7.51553269e+08
 7.51603269e+08 7.51653269e+08 7.51703269e+08 7.51753269e+08
 7.51803269e+08 7.51853269e+08 7.51903269e+08 7.51953269e+08
 7.52003269e+08 7.52053269e+08 7.52103269e+08 7.52153269e+08
 7.52203269e+08 7.52253269e+08 7.52303269e+08 7.52353269e+08
 7.52403269e+08 7.52453269e+08 7.52503269e+08 7.52553269e+08
 7.52603269e+08 7.52653269e+08 7.52703269e+08 7.52753269e+08
 7.52803269e+08 7.52853269e+08 7.52903269e+08 7.52953269e+08
 7.53003269e+08 7.53053269e+08 7.53103269e+08 7.53153269e+08
 7.53203269e+08 7.53253269e+08 7.53303269e+08 7.53353269e+08
 7.53403269e+08 7.53453269e+08 7.53503269e+08 7.53553269e+08
 7.53603269e+08 7.53653269e+08 7.53703269e+08 7.53753269e+08
 7.53803269e+08 7.53853269e+08 7.53903269e+08 7.53953269e+08
 7.54003269e+08 7.54053269e+08 7.54103269e+08 7.54153269e+08
 7.54203269e+08 7.54253269e+08 7.54303269e+08 7.54353269e+08
 7.54403269e+08 7.54453269e+08 7.54503269e+08 7.54553269e+08
 7.54603269e+08 7.54653269e+08 7.54703269e+08 7.54753269e+08
 7.54803269e+08 7.54853269e+08 7.54903269e+08 7.54953269e+08
 7.55003269e+08 7.55053269e+08 7.55103269e+08 7.55153269e+08
 7.55203269e+08 7.55253269e+08 7.55303269e+08 7.55353269e+08
 7.55403269e+08 7.55453269e+08 7.55503269e+08 7.55553269e+08
 7.55603269e+08 7.55653269e+08 7.55703269e+08 7.55753269e+08
 7.55803269e+08 7.55853269e+08 7.55903269e+08 7.55953269e+08
 7.56003269e+08 7.56053269e+08 7.56103269e+08 7.56153269e+08
 7.56203269e+08 7.56253269e+08 7.56303269e+08 7.56353269e+08
 7.56403269e+08 7.56453269e+08 7.56503269e+08 7.56553269e+08
 7.56603269e+08 7.56653269e+08 7.56703269e+08 7.56753269e+08
 7.56803269e+08 7.56853269e+08 7.56903269e+08 7.56953269e+08
 7.57003269e+08 7.57053269e+08 7.57103269e+08 7.57153269e+08
 7.57203269e+08 7.57253269e+08 7.57303269e+08]
[7.25803269e+08 7.25853269e+08 7.25903269e+08 7.25953269e+08
 7.26003269e+08 7.26053269e+08 7.26103269e+08 7.26153269e+08
 7.26203269e+08 7.26253269e+08 7.26303269e+08 7.26353269e+08
 7.26403269e+08 7.26453269e+08 7.26503269e+08 7.26553269e+08
 7.26603269e+08 7.26653269e+08 7.26703269e+08 7.26753269e+08
 7.26803269e+08 7.26853269e+08 7.26903269e+08 7.26953269e+08
 7.27003269e+08 7.27053269e+08 7.27103269e+08 7.27153269e+08
 7.27203269e+08 7.27253269e+08 7.27303269e+08 7.27353269e+08
 7.27403269e+08 7.27453269e+08 7.27503269e+08 7.27553269e+08
 7.27603269e+08 7.27653269e+08 7.27703269e+08 7.27753269e+08
 7.27803269e+08 7.27853269e+08 7.27903269e+08 7.27953269e+08
 7.28003269e+08 7.28053269e+08 7.28103269e+08 7.28153269e+08
 7.28203269e+08 7.28253269e+08 7.28303269e+08 7.28353269e+08
 7.28403269e+08 7.28453269e+08 7.28503269e+08 7.28553269e+08
 7.28603269e+08 7.28653269e+08 7.28703269e+08 7.28753269e+08
 7.28803269e+08 7.28853269e+08 7.28903269e+08 7.28953269e+08
 7.29003269e+08 7.29053269e+08 7.29103269e+08 7.29153269e+08
 7.29203269e+08 7.29253269e+08 7.29303269e+08 7.29353269e+08
 7.29403269e+08 7.29453269e+08 7.29503269e+08 7.29553269e+08
 7.29603269e+08 7.29653269e+08 7.29703269e+08 7.29753269e+08
 7.29803269e+08 7.29853269e+08 7.29903269e+08 7.29953269e+08
 7.30003269e+08 7.30053269e+08 7.30103269e+08 7.30153269e+08
 7.30203269e+08 7.30253269e+08 7.30303269e+08 7.30353269e+08
 7.30403269e+08 7.30453269e+08 7.30503269e+08 7.30553269e+08
 7.30603269e+08 7.30653269e+08 7.30703269e+08 7.30753269e+08
 7.30803269e+08 7.30853269e+08 7.30903269e+08 7.30953269e+08
 7.31003269e+08 7.31053269e+08 7.31103269e+08 7.31153269e+08
 7.31203269e+08 7.31253269e+08 7.31303269e+08 7.31353269e+08
 7.31403269e+08 7.31453269e+08 7.31503269e+08 7.31553269e+08
 7.31603269e+08 7.31653269e+08 7.31703269e+08 7.31753269e+08
 7.31803269e+08 7.31853269e+08 7.31903269e+08 7.31953269e+08
 7.32003269e+08 7.32053269e+08 7.32103269e+08 7.32153269e+08
 7.32203269e+08 7.32253269e+08 7.32303269e+08 7.32353269e+08
 7.32403269e+08 7.32453269e+08 7.32503269e+08 7.32553269e+08
 7.32603269e+08 7.32653269e+08 7.32703269e+08 7.32753269e+08
 7.32803269e+08 7.32853269e+08 7.32903269e+08 7.32953269e+08
 7.33003269e+08 7.33053269e+08 7.33103269e+08 7.33153269e+08
 7.33203269e+08 7.33253269e+08 7.33303269e+08 7.33353269e+08
 7.33403269e+08 7.33453269e+08 7.33503269e+08 7.33553269e+08
 7.33603269e+08 7.33653269e+08 7.33703269e+08 7.33753269e+08
 7.33803269e+08 7.33853269e+08 7.33903269e+08 7.33953269e+08
 7.34003269e+08 7.34053269e+08 7.34103269e+08 7.34153269e+08
 7.34203269e+08 7.34253269e+08 7.34303269e+08 7.34353269e+08
 7.34403269e+08 7.34453269e+08 7.34503269e+08 7.34553269e+08
 7.34603269e+08 7.34653269e+08 7.34703269e+08 7.34753269e+08
 7.34803269e+08 7.34853269e+08 7.34903269e+08 7.34953269e+08
 7.35003269e+08 7.35053269e+08 7.35103269e+08 7.35153269e+08
 7.35203269e+08 7.35253269e+08 7.35303269e+08 7.35353269e+08
 7.35403269e+08 7.35453269e+08 7.35503269e+08 7.35553269e+08
 7.35603269e+08 7.35653269e+08 7.35703269e+08 7.35753269e+08
 7.35803269e+08 7.35853269e+08 7.35903269e+08 7.35953269e+08
 7.36003269e+08 7.36053269e+08 7.36103269e+08 7.36153269e+08
 7.36203269e+08 7.36253269e+08 7.36303269e+08 7.36353269e+08
 7.36403269e+08 7.36453269e+08 7.36503269e+08 7.36553269e+08
 7.36603269e+08 7.36653269e+08 7.36703269e+08 7.36753269e+08
 7.36803269e+08 7.36853269e+08 7.36903269e+08 7.36953269e+08
 7.37003269e+08 7.37053269e+08 7.37103269e+08 7.37153269e+08
 7.37203269e+08 7.37253269e+08 7.37303269e+08 7.37353269e+08
 7.37403269e+08 7.37453269e+08 7.37503269e+08 7.37553269e+08
 7.37603269e+08 7.37653269e+08 7.37703269e+08 7.37753269e+08
 7.37803269e+08 7.37853269e+08 7.37903269e+08 7.37953269e+08
 7.38003269e+08 7.38053269e+08 7.38103269e+08 7.38153269e+08
 7.38203269e+08 7.38253269e+08 7.38303269e+08 7.38353269e+08
 7.38403269e+08 7.38453269e+08 7.38503269e+08 7.38553269e+08
 7.38603269e+08 7.38653269e+08 7.38703269e+08 7.38753269e+08
 7.38803269e+08 7.38853269e+08 7.38903269e+08 7.38953269e+08
 7.39003269e+08 7.39053269e+08 7.39103269e+08 7.39153269e+08
 7.39203269e+08 7.39253269e+08 7.39303269e+08 7.39353269e+08
 7.39403269e+08 7.39453269e+08 7.39503269e+08 7.39553269e+08
 7.39603269e+08 7.39653269e+08 7.39703269e+08 7.39753269e+08
 7.39803269e+08 7.39853269e+08 7.39903269e+08 7.39953269e+08
 7.40003269e+08 7.40053269e+08 7.40103269e+08 7.40153269e+08
 7.40203269e+08 7.40253269e+08 7.40303269e+08 7.40353269e+08
 7.40403269e+08 7.40453269e+08 7.40503269e+08 7.40553269e+08
 7.40603269e+08 7.40653269e+08 7.40703269e+08 7.40753269e+08
 7.40803269e+08 7.40853269e+08 7.40903269e+08 7.40953269e+08
 7.41003269e+08 7.41053269e+08 7.41103269e+08 7.41153269e+08
 7.41203269e+08 7.41253269e+08 7.41303269e+08 7.41353269e+08
 7.41403269e+08 7.41453269e+08 7.41503269e+08 7.41553269e+08
 7.41603269e+08 7.41653269e+08 7.41703269e+08 7.41753269e+08
 7.41803269e+08 7.41853269e+08 7.41903269e+08 7.41953269e+08
 7.42003269e+08 7.42053269e+08 7.42103269e+08 7.42153269e+08
 7.42203269e+08 7.42253269e+08 7.42303269e+08 7.42353269e+08
 7.42403269e+08 7.42453269e+08 7.42503269e+08 7.42553269e+08
 7.42603269e+08 7.42653269e+08 7.42703269e+08 7.42753269e+08
 7.42803269e+08 7.42853269e+08 7.42903269e+08 7.42953269e+08
 7.43003269e+08 7.43053269e+08 7.43103269e+08 7.43153269e+08
 7.43203269e+08 7.43253269e+08 7.43303269e+08 7.43353269e+08
 7.43403269e+08 7.43453269e+08 7.43503269e+08 7.43553269e+08
 7.43603269e+08 7.43653269e+08 7.43703269e+08 7.43753269e+08
 7.43803269e+08 7.43853269e+08 7.43903269e+08 7.43953269e+08
 7.44003269e+08 7.44053269e+08 7.44103269e+08 7.44153269e+08
 7.44203269e+08 7.44253269e+08 7.44303269e+08 7.44353269e+08
 7.44403269e+08 7.44453269e+08 7.44503269e+08 7.44553269e+08
 7.44603269e+08 7.44653269e+08 7.44703269e+08 7.44753269e+08
 7.44803269e+08 7.44853269e+08 7.44903269e+08 7.44953269e+08
 7.45003269e+08 7.45053269e+08 7.45103269e+08 7.45153269e+08
 7.45203269e+08 7.45253269e+08 7.45303269e+08 7.45353269e+08
 7.45403269e+08 7.45453269e+08 7.45503269e+08 7.45553269e+08
 7.45603269e+08 7.45653269e+08 7.45703269e+08 7.45753269e+08
 7.45803269e+08 7.45853269e+08 7.45903269e+08 7.45953269e+08
 7.46003269e+08 7.46053269e+08 7.46103269e+08 7.46153269e+08
 7.46203269e+08 7.46253269e+08 7.46303269e+08 7.46353269e+08
 7.46403269e+08 7.46453269e+08 7.46503269e+08 7.46553269e+08
 7.46603269e+08 7.46653269e+08 7.46703269e+08 7.46753269e+08
 7.46803269e+08 7.46853269e+08 7.46903269e+08 7.46953269e+08
 7.47003269e+08 7.47053269e+08 7.47103269e+08 7.47153269e+08
 7.47203269e+08 7.47253269e+08 7.47303269e+08 7.47353269e+08
 7.47403269e+08 7.47453269e+08 7.47503269e+08 7.47553269e+08
 7.47603269e+08 7.47653269e+08 7.47703269e+08 7.47753269e+08
 7.47803269e+08 7.47853269e+08 7.47903269e+08 7.47953269e+08
 7.48003269e+08 7.48053269e+08 7.48103269e+08 7.48153269e+08
 7.48203269e+08 7.48253269e+08 7.48303269e+08 7.48353269e+08
 7.48403269e+08 7.48453269e+08 7.48503269e+08 7.48553269e+08
 7.48603269e+08 7.48653269e+08 7.48703269e+08 7.48753269e+08
 7.48803269e+08 7.48853269e+08 7.48903269e+08 7.48953269e+08
 7.49003269e+08 7.49053269e+08 7.49103269e+08 7.49153269e+08
 7.49203269e+08 7.49253269e+08 7.49303269e+08 7.49353269e+08
 7.49403269e+08 7.49453269e+08 7.49503269e+08 7.49553269e+08
 7.49603269e+08 7.49653269e+08 7.49703269e+08 7.49753269e+08
 7.49803269e+08 7.49853269e+08 7.49903269e+08 7.49953269e+08
 7.50003269e+08 7.50053269e+08 7.50103269e+08 7.50153269e+08
 7.50203269e+08 7.50253269e+08 7.50303269e+08 7.50353269e+08
 7.50403269e+08 7.50453269e+08 7.50503269e+08 7.50553269e+08
 7.50603269e+08 7.50653269e+08 7.50703269e+08 7.50753269e+08
 7.50803269e+08 7.50853269e+08 7.50903269e+08 7.50953269e+08
 7.51003269e+08 7.51053269e+08 7.51103269e+08 7.51153269e+08
 7.51203269e+08 7.51253269e+08 7.51303269e+08 7.51353269e+08
 7.51403269e+08 7.51453269e+08 7.51503269e+08 7.51553269e+08
 7.51603269e+08 7.51653269e+08 7.51703269e+08 7.51753269e+08
 7.51803269e+08 7.51853269e+08 7.51903269e+08 7.51953269e+08
 7.52003269e+08 7.52053269e+08 7.52103269e+08 7.52153269e+08
 7.52203269e+08 7.52253269e+08 7.52303269e+08 7.52353269e+08
 7.52403269e+08 7.52453269e+08 7.52503269e+08 7.52553269e+08
 7.52603269e+08 7.52653269e+08 7.52703269e+08 7.52753269e+08
 7.52803269e+08 7.52853269e+08 7.52903269e+08 7.52953269e+08
 7.53003269e+08 7.53053269e+08 7.53103269e+08 7.53153269e+08
 7.53203269e+08 7.53253269e+08 7.53303269e+08 7.53353269e+08
 7.53403269e+08 7.53453269e+08 7.53503269e+08 7.53553269e+08
 7.53603269e+08 7.53653269e+08 7.53703269e+08 7.53753269e+08
 7.53803269e+08 7.53853269e+08 7.53903269e+08 7.53953269e+08
 7.54003269e+08 7.54053269e+08 7.54103269e+08 7.54153269e+08
 7.54203269e+08 7.54253269e+08 7.54303269e+08 7.54353269e+08
 7.54403269e+08 7.54453269e+08 7.54503269e+08 7.54553269e+08
 7.54603269e+08 7.54653269e+08 7.54703269e+08 7.54753269e+08
 7.54803269e+08 7.54853269e+08 7.54903269e+08 7.54953269e+08
 7.55003269e+08 7.55053269e+08 7.55103269e+08 7.55153269e+08
 7.55203269e+08 7.55253269e+08 7.55303269e+08 7.55353269e+08
 7.55403269e+08 7.55453269e+08 7.55503269e+08 7.55553269e+08
 7.55603269e+08 7.55653269e+08 7.55703269e+08 7.55753269e+08
 7.55803269e+08 7.55853269e+08 7.55903269e+08 7.55953269e+08
 7.56003269e+08 7.56053269e+08 7.56103269e+08 7.56153269e+08
 7.56203269e+08 7.56253269e+08 7.56303269e+08 7.56353269e+08
 7.56403269e+08 7.56453269e+08 7.56503269e+08 7.56553269e+08
 7.56603269e+08 7.56653269e+08 7.56703269e+08 7.56753269e+08
 7.56803269e+08 7.56853269e+08 7.56903269e+08 7.56953269e+08
 7.57003269e+08 7.57053269e+08 7.57103269e+08 7.57153269e+08
 7.57203269e+08 7.57253269e+08 7.57303269e+08]
[7.25803269e+08 7.25853269e+08 7.25903269e+08 7.25953269e+08
 7.26003269e+08 7.26053269e+08 7.26103269e+08 7.26153269e+08
 7.26203269e+08 7.26253269e+08 7.26303269e+08 7.26353269e+08
 7.26403269e+08 7.26453269e+08 7.26503269e+08 7.26553269e+08
 7.26603269e+08 7.26653269e+08 7.26703269e+08 7.26753269e+08
 7.26803269e+08 7.26853269e+08 7.26903269e+08 7.26953269e+08
 7.27003269e+08 7.27053269e+08 7.27103269e+08 7.27153269e+08
 7.27203269e+08 7.27253269e+08 7.27303269e+08 7.27353269e+08
 7.27403269e+08 7.27453269e+08 7.27503269e+08 7.27553269e+08
 7.27603269e+08 7.27653269e+08 7.27703269e+08 7.27753269e+08
 7.27803269e+08 7.27853269e+08 7.27903269e+08 7.27953269e+08
 7.28003269e+08 7.28053269e+08 7.28103269e+08 7.28153269e+08
 7.28203269e+08 7.28253269e+08 7.28303269e+08 7.28353269e+08
 7.28403269e+08 7.28453269e+08 7.28503269e+08 7.28553269e+08
 7.28603269e+08 7.28653269e+08 7.28703269e+08 7.28753269e+08
 7.28803269e+08 7.28853269e+08 7.28903269e+08 7.28953269e+08
 7.29003269e+08 7.29053269e+08 7.29103269e+08 7.29153269e+08
 7.29203269e+08 7.29253269e+08 7.29303269e+08 7.29353269e+08
 7.29403269e+08 7.29453269e+08 7.29503269e+08 7.29553269e+08
 7.29603269e+08 7.29653269e+08 7.29703269e+08 7.29753269e+08
 7.29803269e+08 7.29853269e+08 7.29903269e+08 7.29953269e+08
 7.30003269e+08 7.30053269e+08 7.30103269e+08 7.30153269e+08
 7.30203269e+08 7.30253269e+08 7.30303269e+08 7.30353269e+08
 7.30403269e+08 7.30453269e+08 7.30503269e+08 7.30553269e+08
 7.30603269e+08 7.30653269e+08 7.30703269e+08 7.30753269e+08
 7.30803269e+08 7.30853269e+08 7.30903269e+08 7.30953269e+08
 7.31003269e+08 7.31053269e+08 7.31103269e+08 7.31153269e+08
 7.31203269e+08 7.31253269e+08 7.31303269e+08 7.31353269e+08
 7.31403269e+08 7.31453269e+08 7.31503269e+08 7.31553269e+08
 7.31603269e+08 7.31653269e+08 7.31703269e+08 7.31753269e+08
 7.31803269e+08 7.31853269e+08 7.31903269e+08 7.31953269e+08
 7.32003269e+08 7.32053269e+08 7.32103269e+08 7.32153269e+08
 7.32203269e+08 7.32253269e+08 7.32303269e+08 7.32353269e+08
 7.32403269e+08 7.32453269e+08 7.32503269e+08 7.32553269e+08
 7.32603269e+08 7.32653269e+08 7.32703269e+08 7.32753269e+08
 7.32803269e+08 7.32853269e+08 7.32903269e+08 7.32953269e+08
 7.33003269e+08 7.33053269e+08 7.33103269e+08 7.33153269e+08
 7.33203269e+08 7.33253269e+08 7.33303269e+08 7.33353269e+08
 7.33403269e+08 7.33453269e+08 7.33503269e+08 7.33553269e+08
 7.33603269e+08 7.33653269e+08 7.33703269e+08 7.33753269e+08
 7.33803269e+08 7.33853269e+08 7.33903269e+08 7.33953269e+08
 7.34003269e+08 7.34053269e+08 7.34103269e+08 7.34153269e+08
 7.34203269e+08 7.34253269e+08 7.34303269e+08 7.34353269e+08
 7.34403269e+08 7.34453269e+08 7.34503269e+08 7.34553269e+08
 7.34603269e+08 7.34653269e+08 7.34703269e+08 7.34753269e+08
 7.34803269e+08 7.34853269e+08 7.34903269e+08 7.34953269e+08
 7.35003269e+08 7.35053269e+08 7.35103269e+08 7.35153269e+08
 7.35203269e+08 7.35253269e+08 7.35303269e+08 7.35353269e+08
 7.35403269e+08 7.35453269e+08 7.35503269e+08 7.35553269e+08
 7.35603269e+08 7.35653269e+08 7.35703269e+08 7.35753269e+08
 7.35803269e+08 7.35853269e+08 7.35903269e+08 7.35953269e+08
 7.36003269e+08 7.36053269e+08 7.36103269e+08 7.36153269e+08
 7.36203269e+08 7.36253269e+08 7.36303269e+08 7.36353269e+08
 7.36403269e+08 7.36453269e+08 7.36503269e+08 7.36553269e+08
 7.36603269e+08 7.36653269e+08 7.36703269e+08 7.36753269e+08
 7.36803269e+08 7.36853269e+08 7.36903269e+08 7.36953269e+08
 7.37003269e+08 7.37053269e+08 7.37103269e+08 7.37153269e+08
 7.37203269e+08 7.37253269e+08 7.37303269e+08 7.37353269e+08
 7.37403269e+08 7.37453269e+08 7.37503269e+08 7.37553269e+08
 7.37603269e+08 7.37653269e+08 7.37703269e+08 7.37753269e+08
 7.37803269e+08 7.37853269e+08 7.37903269e+08 7.37953269e+08
 7.38003269e+08 7.38053269e+08 7.38103269e+08 7.38153269e+08
 7.38203269e+08 7.38253269e+08 7.38303269e+08 7.38353269e+08
 7.38403269e+08 7.38453269e+08 7.38503269e+08 7.38553269e+08
 7.38603269e+08 7.38653269e+08 7.38703269e+08 7.38753269e+08
 7.38803269e+08 7.38853269e+08 7.38903269e+08 7.38953269e+08
 7.39003269e+08 7.39053269e+08 7.39103269e+08 7.39153269e+08
 7.39203269e+08 7.39253269e+08 7.39303269e+08 7.39353269e+08
 7.39403269e+08 7.39453269e+08 7.39503269e+08 7.39553269e+08
 7.39603269e+08 7.39653269e+08 7.39703269e+08 7.39753269e+08
 7.39803269e+08 7.39853269e+08 7.39903269e+08 7.39953269e+08
 7.40003269e+08 7.40053269e+08 7.40103269e+08 7.40153269e+08
 7.40203269e+08 7.40253269e+08 7.40303269e+08 7.40353269e+08
 7.40403269e+08 7.40453269e+08 7.40503269e+08 7.40553269e+08
 7.40603269e+08 7.40653269e+08 7.40703269e+08 7.40753269e+08
 7.40803269e+08 7.40853269e+08 7.40903269e+08 7.40953269e+08
 7.41003269e+08 7.41053269e+08 7.41103269e+08 7.41153269e+08
 7.41203269e+08 7.41253269e+08 7.41303269e+08 7.41353269e+08
 7.41403269e+08 7.41453269e+08 7.41503269e+08 7.41553269e+08
 7.41603269e+08 7.41653269e+08 7.41703269e+08 7.41753269e+08
 7.41803269e+08 7.41853269e+08 7.41903269e+08 7.41953269e+08
 7.42003269e+08 7.42053269e+08 7.42103269e+08 7.42153269e+08
 7.42203269e+08 7.42253269e+08 7.42303269e+08 7.42353269e+08
 7.42403269e+08 7.42453269e+08 7.42503269e+08 7.42553269e+08
 7.42603269e+08 7.42653269e+08 7.42703269e+08 7.42753269e+08
 7.42803269e+08 7.42853269e+08 7.42903269e+08 7.42953269e+08
 7.43003269e+08 7.43053269e+08 7.43103269e+08 7.43153269e+08
 7.43203269e+08 7.43253269e+08 7.43303269e+08 7.43353269e+08
 7.43403269e+08 7.43453269e+08 7.43503269e+08 7.43553269e+08
 7.43603269e+08 7.43653269e+08 7.43703269e+08 7.43753269e+08
 7.43803269e+08 7.43853269e+08 7.43903269e+08 7.43953269e+08
 7.44003269e+08 7.44053269e+08 7.44103269e+08 7.44153269e+08
 7.44203269e+08 7.44253269e+08 7.44303269e+08 7.44353269e+08
 7.44403269e+08 7.44453269e+08 7.44503269e+08 7.44553269e+08
 7.44603269e+08 7.44653269e+08 7.44703269e+08 7.44753269e+08
 7.44803269e+08 7.44853269e+08 7.44903269e+08 7.44953269e+08
 7.45003269e+08 7.45053269e+08 7.45103269e+08 7.45153269e+08
 7.45203269e+08 7.45253269e+08 7.45303269e+08 7.45353269e+08
 7.45403269e+08 7.45453269e+08 7.45503269e+08 7.45553269e+08
 7.45603269e+08 7.45653269e+08 7.45703269e+08 7.45753269e+08
 7.45803269e+08 7.45853269e+08 7.45903269e+08 7.45953269e+08
 7.46003269e+08 7.46053269e+08 7.46103269e+08 7.46153269e+08
 7.46203269e+08 7.46253269e+08 7.46303269e+08 7.46353269e+08
 7.46403269e+08 7.46453269e+08 7.46503269e+08 7.46553269e+08
 7.46603269e+08 7.46653269e+08 7.46703269e+08 7.46753269e+08
 7.46803269e+08 7.46853269e+08 7.46903269e+08 7.46953269e+08
 7.47003269e+08 7.47053269e+08 7.47103269e+08 7.47153269e+08
 7.47203269e+08 7.47253269e+08 7.47303269e+08 7.47353269e+08
 7.47403269e+08 7.47453269e+08 7.47503269e+08 7.47553269e+08
 7.47603269e+08 7.47653269e+08 7.47703269e+08 7.47753269e+08
 7.47803269e+08 7.47853269e+08 7.47903269e+08 7.47953269e+08
 7.48003269e+08 7.48053269e+08 7.48103269e+08 7.48153269e+08
 7.48203269e+08 7.48253269e+08 7.48303269e+08 7.48353269e+08
 7.48403269e+08 7.48453269e+08 7.48503269e+08 7.48553269e+08
 7.48603269e+08 7.48653269e+08 7.48703269e+08 7.48753269e+08
 7.48803269e+08 7.48853269e+08 7.48903269e+08 7.48953269e+08
 7.49003269e+08 7.49053269e+08 7.49103269e+08 7.49153269e+08
 7.49203269e+08 7.49253269e+08 7.49303269e+08 7.49353269e+08
 7.49403269e+08 7.49453269e+08 7.49503269e+08 7.49553269e+08
 7.49603269e+08 7.49653269e+08 7.49703269e+08 7.49753269e+08
 7.49803269e+08 7.49853269e+08 7.49903269e+08 7.49953269e+08
 7.50003269e+08 7.50053269e+08 7.50103269e+08 7.50153269e+08
 7.50203269e+08 7.50253269e+08 7.50303269e+08 7.50353269e+08
 7.50403269e+08 7.50453269e+08 7.50503269e+08 7.50553269e+08
 7.50603269e+08 7.50653269e+08 7.50703269e+08 7.50753269e+08
 7.50803269e+08 7.50853269e+08 7.50903269e+08 7.50953269e+08
 7.51003269e+08 7.51053269e+08 7.51103269e+08 7.51153269e+08
 7.51203269e+08 7.51253269e+08 7.51303269e+08 7.51353269e+08
 7.51403269e+08 7.51453269e+08 7.51503269e+08 7.51553269e+08
 7.51603269e+08 7.51653269e+08 7.51703269e+08 7.51753269e+08
 7.51803269e+08 7.51853269e+08 7.51903269e+08 7.51953269e+08
 7.52003269e+08 7.52053269e+08 7.52103269e+08 7.52153269e+08
 7.52203269e+08 7.52253269e+08 7.52303269e+08 7.52353269e+08
 7.52403269e+08 7.52453269e+08 7.52503269e+08 7.52553269e+08
 7.52603269e+08 7.52653269e+08 7.52703269e+08 7.52753269e+08
 7.52803269e+08 7.52853269e+08 7.52903269e+08 7.52953269e+08
 7.53003269e+08 7.53053269e+08 7.53103269e+08 7.53153269e+08
 7.53203269e+08 7.53253269e+08 7.53303269e+08 7.53353269e+08
 7.53403269e+08 7.53453269e+08 7.53503269e+08 7.53553269e+08
 7.53603269e+08 7.53653269e+08 7.53703269e+08 7.53753269e+08
 7.53803269e+08 7.53853269e+08 7.53903269e+08 7.53953269e+08
 7.54003269e+08 7.54053269e+08 7.54103269e+08 7.54153269e+08
 7.54203269e+08 7.54253269e+08 7.54303269e+08 7.54353269e+08
 7.54403269e+08 7.54453269e+08 7.54503269e+08 7.54553269e+08
 7.54603269e+08 7.54653269e+08 7.54703269e+08 7.54753269e+08
 7.54803269e+08 7.54853269e+08 7.54903269e+08 7.54953269e+08
 7.55003269e+08 7.55053269e+08 7.55103269e+08 7.55153269e+08
 7.55203269e+08 7.55253269e+08 7.55303269e+08 7.55353269e+08
 7.55403269e+08 7.55453269e+08 7.55503269e+08 7.55553269e+08
 7.55603269e+08 7.55653269e+08 7.55703269e+08 7.55753269e+08
 7.55803269e+08 7.55853269e+08 7.55903269e+08 7.55953269e+08
 7.56003269e+08 7.56053269e+08 7.56103269e+08 7.56153269e+08
 7.56203269e+08 7.56253269e+08 7.56303269e+08 7.56353269e+08
 7.56403269e+08 7.56453269e+08 7.56503269e+08 7.56553269e+08
 7.56603269e+08 7.56653269e+08 7.56703269e+08 7.56753269e+08
 7.56803269e+08 7.56853269e+08 7.56903269e+08 7.56953269e+08
 7.57003269e+08 7.57053269e+08 7.57103269e+08 7.57153269e+08
 7.57203269e+08 7.57253269e+08 7.57303269e+08]
